77
72
62
43
56
51
37
52
50
131
68
53
31
48
48
72
75
41
40
44
82
58
54
80
54
42
59
48
112
39
38
79
52
34
67
103
93
53
44
70
71
53
64
44
58
49
71
77
107
58
57
100
136
59
67
54
70
52
63
77
65
48
72
60
62
75
67
32
33
66
35
56
46
53
43
78
58
62
57
86
57
80
48
91
67
86
83
99
44
79
100
55
42
37
90
85
46
72
40
40
57
63
69
73
63
65
42
55
33
76
65
63
136
70
77
30
45
49
77
73
43
46
42
63
45
43
70
65
36
51
80
89
150
53
89
49
86
54
65
71
61
77
47
62
91
113
51
79
67
64
57
59
93
92
69
39
38
114
51
78
103
69
42
145
62
110
107
70
60
63
97
53
59
67
47
89
53
37
52
49
71
67
49
102
36
42
50
52
33
107
39
50
68
63
70
29
68
94
67
104
81
62
61
65
43
88
40
63
55
78
58
82
65
40
58
88
74
34
46
41
60
35
78
58
49
37
50
59
64
57
35
75
58
42
59
51
26
61
79
69
66
59
84
40
110
63
47
30
70
55
32
75
51
99
69
75
106
60
61
75
35
54
51
81
64
59
70
62
24
29
56
47
35
37
51
58
48
73
63
37
45
59
43
80
38
77
47
65
65
66
86
91
66
74
75
81
61
88
67
55
47
72
57
49
74
40
69
61
52
52
67
42
38
77
56
68
61
56
60
45
26
88
38
72
52
44
64
56
35
43
48
50
68
41
35
47
50
52
30
57
63
72
51
89
65
61
33
89
43
61
93
46
61
36
46
66
77
53
24
116
93
67
70
42
78
47
51
77
51
45
73
114
34
85
56
51
71
65
34
43
84
72
43
36
82
45
80
163
39
55
55
72
47
76
53
28
34
65
96
36
44
55
61
47
46
62
76
74
45
58
42
74
47
43
91
39
67
52
34
61
87
89
54
63
71
52
57
91
42
55
34
75
91
42
77
51
44
60
57
48
58
64
38
63
64
56
91
55
113
50
49
98
95
79
105
83
67
54
82
32
96
73
36
53
48
52
47
39
57
50
71
49
48
36
53
38
58
72
73
32
71
107
43
84
39
128
44
40
53
38
35
31
49
59
47
62
86
45
55
49
72
33
66
37
52
39
80
58
65
55
54
34
48
85
64
110
71
50
49
55
51
72
62
40
51
55
102
86
72
71
50
78
60
85
29
39
86
66
74
53
58
69
74
85
58
90
77
32
68
33
40
47
62
55
66
48
65
29
80
45
58
91
28
51
48
38
65
89
76
34
65
51
38
68
39
81
34
52
87
42
54
53
28
84
75
45
63
55
41
84
43
40
41
70
38
57
46
53
51
37
113
87
74
101
65
59
47
58
45
80
79
100
37
34
75
88
45
76
57
60
65
57
67
52
68
46
46
38
65
85
98
39
105
71
47
48
57
72
53
62
60
37
69
47
64
48
66
70
67
115
41
59
50
65
82
69
46
90
62
67
55
44
63
42
84
52
50
65
34
80
75
62
45
53
40
96
87
39
59
35
38
56
63
84
51
117
111
49
61
51
50
46
66
62
68
66
105
57
57
40
47
110
68
163
41
107
94
95
72
71
88
92
93
53
55
44
70
75
60
55
41
46
67
75
112
43
76
61
69
76
69
47
48
40
86
70
109
49
53
46
68
54
109
71
36
104
102
54
58
85
68
80
89
83
53
86
75
52
52
64
122
57
77
35
68
71
79
38
55
84
47
51
53
55
100
74
94
79
81
38
35
62
36
55
92
71
40
103
40
53
66
137
56
45
82
64
89
54
144
57
57
41
38
79
70
75
41
72
37
61
41
64
96
42
97
64
67
75
49
59
52
49
58
34
41
66
50
92
51
31
64
68
57
82
62
35
86
39
31
44
38
49
50
71
95
69
75
76
48
34
41
62
67
41
56
58
49
85
73
107
52
92
44
82
56
48
47
54
132
62
59
63
40
55
52
43
75
62
120
58
37
54
57
41
55
47
143
51
82
109
54
57
60
75
74
38
101
77
85
43
56
44
68
46
49
54
50
89
39
78
72
59
63
76
67
60
80
36
169
43
52
43
70
76
66
62
44
78
62
46
29
65
70
66
87
94
75
54
87
51
123
63
40
52
40
55
28
40
73
77
50
52
91
150
36
87
80
109
31
33
47
51
65
37
40
19
120
101
61
35
62
55
52
38
88
44
88
61
57
108
58
40
82
111
67
62
44
70
43
96
66
67
61
35
61
46
44
48
85
46
36
70
62
107
110
58
74
50
78
85
61
65
34
74
34
91
34
71
54
80
43
41
59
70
55
42
55
45
77
65
48
60
57
128
41
64
39
114
59
50
42
39
41
65
37
39
42
47
57
56
45
49
52
67
69
55
75
75
45
49
45
47
50
58
66
69
82
32
45
46
78
88
39
95
59
42
64
53
43
82
62
49
39
20
52
39
38
50
60
33
47
78
44
56
31
52
51
92
42
79
64
55
82
101
49
90
42
75
47
32
31
59
60
53
44
83
75
68
60
73
54
49
74
38
74
51
102
33
51
71
42
77
48
43
71
51
59
49
72
26
65
52
41
41
47
40
76
47
34
68
38
61
26
39
70
111
72
62
44
54
37
42
44
52
95
41
60
94
34
54
53
55
44
77
43
54
46
55
83
64
55
55
44
53
72
67
89
66
55
30
43
45
77
66
67
86
58
55
67
54
73
30
35
78
47
54
47
54
59
54
76
43
60
59
53
30
54
62
75
44
52
42
80
37
36
79
58
68
37
60
57
69
62
62
51
85
44
41
96
55
55
44
55
116
45
52
42
76
37
48
47
35
74
50
60
85
62
63
52
110
61
54
48
41
55
58
43
57
71
62
37
70
64
26
68
48
62
57
77
63
81
42
42
66
60
70
55
64
57
34
65
70
60
82
78
64
48
61
40
45
73
75
50
72
27
46
54
40
54
59
42
75
44
55
64
60
63
68
60
62
38
51
82
62
69
83
63
60
76
56
54
84
76
49
82
51
55
53
54
63
61
34
37
65
29
36
62
27
52
83
72
29
90
54
37
56
54
63
53
45
72
93
33
69
33
81
23
52
68
53
57
47
52
41
51
62
42
41
49
93
79
78
91
72
32
108
63
66
61
52
67
66
48
81
72
50
82
81
53
47
90
55
62
58
66
34
56
29
43
71
30
110
95
68
44
53
52
45
38
34
41
69
56
40
113
37
58
44
43
42
83
79
63
56
60
37
43
66
48
38
41
66
69
76
64
73
35
70
72
68
45
75
43
46
86
83
66
75
85
55
77
24
46
123
37
63
37
62
103
44
43
60
36
37
54
65
46
43
46
58
48
72
46
54
46
57
65
81
40
46
56
51
52
66
54
25
33
53
50
67
32
33
67
30
51
74
62
58
78
58
67
20
72
75
41
85
119
53
41
64
58
51
65
33
46
44
61
74
35
47
36
70
36
106
73
93
80
49
46
44
50
58
79
38
43
48
66
57
123
91
53
36
57
75
56
63
61
46
37
52
33
48
55
56
59
49
44
60
50
73
107
55
48
36
49
31
66
52
61
31
55
55
52
52
53
60
102
76
44
70
56
90
30
90
54
51
58
69
38
75
65
47
44
50
32
56
39
43
81
140
57
58
87
40
46
39
57
36
100
71
120
78
72
44
51
25
90
45
60
81
23
47
50
55
77
78
56
53
34
52
110
50
46
52
69
39
61
45
44
62
54
44
36
55
38
39
76
120
57
52
78
74
66
76
31
53
65
61
74
50
93
51
71
37
46
55
57
38
77
40
45
66
24
44
50
58
55
90
121
64
62
57
80
48
65
61
51
47
29
34
65
69
48
36
68
33
42
33
134
65
80
50
94
64
37
34
61
36
106
61
52
66
41
86
77
44
60
29
85
55
68
53
44
41
34
54
76
49
70
65
53
60
40
55
26
47
75
48
54
91
65
52
54
56
64
76
49
51
74
63
66
78
49
32
49
74
40
111
58
39
37
41
68
107
80
39
47
41
41
45
47
45
57
54
47
47
35
65
67
64
51
40
64
45
47
64
63
64
73
69
50
39
46
65
57
38
76
70
56
44
62
31
57
45
83
43
86
40
56
59
91
98
82
63
51
75
69
52
56
42
104
51
79
70
47
43
48
79
30
73
42
47
46
69
104
45
94
71
32
60
64
60
62
77
54
51
69
67
34
66
111
75
32
65
30
49
60
61
54
69
76
69
59
48
57
50
45
72
42
56
50
65
93
63
65
67
44
43
55
66
63
55
38
82
49
81
64
119
56
55
79
42
53
46
59
67
43
53
34
78
154
77
118
24
76
64
49
21
88
48
60
82
45
70
38
43
62
88
53
59
36
78
78
53
61
71
62
40
41
70
72
66
64
74
47
44
46
84
41
53
56
44
82
99
77
88
54
66
62
38
93
68
74
67
51
32
60
60
41
103
35
39
42
54
93
69
37
87
57
55
48
76
65
45
62
34
76
35
30
59
55
49
44
160
43
40
39
55
44
107
103
78
43
23
67
59
41
69
55
33
52
110
105
124
68
59
52
31
55
44
69
83
37
58
73
43
69
73
42
68
74
80
56
82
62
45
58
49
62
88
77
50
122
32
61
109
66
58
45
52
66
60
61
76
108
37
55
30
106
31
31
40
39
73
53
46
50
31
62
80
81
49
38
46
52
64
48
89
46
49
54
39
89
67
126
56
62
36
92
54
53
50
66
85
84
107
72
54
55
70
69
44
43
31
40
53
52
175
40
68
38
80
47
115
46
53
80
70
48
49
53
109
38
68
67
43
92
67
41
89
82
84
60
51
69
59
52
53
77
74
54
97
48
54
78
54
42
119
53
66
61
46
59
49
61
63
85
59
96
29
63
44
91
82
34
96
75
41
89
77
55
69
32
66
82
69
90
73
92
55
57
48
57
32
39
74
46
51
68
84
37
46
93
109
51
82
63
36
89
44
183
142
51
33
74
106
38
72
54
71
56
64
61
41
35
81
54
69
62
49
36
67
84
45
61
92
58
49
77
109
43
62
54
65
96
30
85
39
101
82
80
34
53
52
33
64
23
55
66
39
44
57
27
40
90
48
95
58
52
75
74
46
38
104
50
41
81
103
54
45
96
50
52
69
66
38
91
64
61
42
52
62
60
58
62
80
37
112
76
76
48
83
143
58
41
63
95
55
63
90
80
45
35
66
94
78
70
104
58
66
39
30
65
42
46
108
59
106
66
98
52
60
85
66
41
61
65
110
31
47
54
49
105
94
64
80
49
35
50
69
30
38
63
87
48
44
53
57
87
104
45
39
41
77
57
33
45
54
62
87
99
48
72
68
61
62
79
52
82
38
41
79
66
74
64
80
41
120
79
58
74
40
38
55
61
39
41
61
102
49
56
76
67
29
106
73
80
71
88
58
43
63
72
87
57
68
67
72
62
80
79
74
66
48
38
44
27
169
84
41
73
66
89
71
77
46
100
85
67
38
80
75
63
48
55
75
41
103
73
75
41
41
35
62
99
34
95
44
32
98
50
45
76
65
93
135
42
77
71
109
39
70
47
74
42
87
81
43
57
58
59
50
90
64
35
65
69
51
68
35
82
37
36
57
60
96
53
51
41
50
112
68
41
66
91
68
36
60
51
95
48
61
45
70
60
39
92
65
54
34
84
48
53
47
69
69
45
73
52
130
51
49
39
60
95
122
91
76
71
54
53
35
55
75
53
96
64
54
61
81
83
45
41
77
84
67
61
45
89
43
22
134
46
32
101
81
58
38
68
35
78
46
67
60
85
86
55
100
103
58
64
55
48
67
48
57
51
36
52
120
49
59
42
62
37
49
67
39
70
76
59
85
47
75
85
100
57
78
90
44
44
92
43
87
30
64
31
41
46
52
59
63
70
59
81
91
57
58
53
57
63
73
74
75
53
36
37
47
79
54
54
65
78
37
58
53
58
69
82
48
91
37
88
34
77
90
37
81
40
82
50
60
58
79
31
32
75
42
29
86
69
32
72
33
104
80
34
55
128
75
114
116
88
71
134
43
51
77
49
84
109
61
98
26
50
77
41
80
83
124
62
50
97
68
44
37
43
60
58
107
89
77
70
98
44
107
53
104
30
54
128
44
51
39
33
71
66
50
91
71
52
63
56
50
37
43
89
49
38
49
50
85
111
139
55
55
79
65
115
40
34
41
34
43
76
104
49
59
40
52
73
48
56
42
52
48
20
35
83
37
58
91
83
66
51
39
50
44
37
73
49
82
59
89
86
49
104
76
42
59
134
69
84
42
107
77
40
54
41
42
97
32
116
49
87
43
68
87
31
67
45
71
47
49
59
50
41
59
39
57
57
80
77
50
92
82
46
51
61
126
74
43
35
72
89
25
45
60
19
92
41
65
98
54
49
55
67
57
106
43
40
110
85
46
64
44
83
60
80
43
65
65
45
58
88
60
45
74
40
144
68
151
56
48
41
31
60
40
35
47
51
58
56
36
53
45
58
74
101
56
42
66
48
38
81
55
38
51
33
97
103
142
26
89
61
34
72
60
93
82
49
70
51
82
52
65
49
51
83
87
47
83
43
54
64
92
34
74
58
54
83
40
48
46
54
41
80
44
44
75
45
58
61
47
55
99
39
55
68
49
42
36
59
71
52
64
55
88
83
49
79
61
39
85
44
42
67
81
81
79
114
94
47
107
71
51
82
49
47
41
61
67
43
71
59
119
88
69
68
70
35
104
66
57
71
67
65
64
96
51
69
80
75
95
80
67
43
71
58
41
59
39
57
98
52
88
95
65
69
90
43
37
65
77
56
56
72
19
52
67
90
50
55
38
50
58
38
37
46
99
92
47
26
59
53
89
47
49
57
38
68
37
37
62
135
61
78
45
43
73
57
57
58
30
40
30
66
55
50
31
47
96
41
51
33
96
73
61
61
65
83
39
50
39
42
71
49
31
70
37
35
44
64
64
39
86
56
33
60
79
46
44
48
42
34
32
43
30
68
38
27
61
75
76
53
32
55
38
86
79
91
43
80
65
30
33
41
40
41
44
71
72
48
54
74
46
36
31
52
58
34
58
40
66
80
89
67
37
136
78
56
75
35
105
82
41
40
36
38
36
63
46
59
37
74
64
58
32
71
36
53
71
38
45
65
53
38
87
62
40
106
46
56
43
69
58
158
64
146
53
52
80
43
51
47
81
57
34
48
71
25
37
36
53
21
75
66
95
73
60
41
65
98
35
41
88
52
40
51
36
40
44
55
77
47
68
46
52
38
105
64
41
32
37
23
62
31
40
33
53
54
58
49
77
48
53
32
51
39
47
31
90
75
56
39
43
68
49
63
69
48
29
55
65
46
63
24
59
76
60
52
76
49
27
71
76
48
104
65
39
79
53
46
43
67
78
40
102
54
69
33
47
45
100
26
51
94
44
56
34
44
55
36
86
32
134
48
73
56
53
34
45
61
89
37
21
54
40
53
133
54
44
54
65
86
47
51
55
30
45
33
38
29
57
136
39
44
43
153
36
66
61
59
41
101
63
35
36
52
42
38
37
39
49
29
53
31
45
51
28
95
52
37
130
38
49
111
31
57
30
66
48
49
28
57
58
62
26
36
62
53
59
115
55
59
71
49
38
40
34
51
33
56
62
36
60
39
101
70
59
55
63
52
57
85
29
35
43
80
48
33
78
55
58
56
59
53
75
60
78
97
70
77
68
98
62
51
38
53
47
46
59
68
50
39
41
67
31
39
91
57
41
69
60
37
46
25
49
50
57
51
71
74
74
50
66
116
95
52
38
21
60
70
35
41
75
46
57
41
72
39
44
77
49
23
63
58
21
49
43
35
51
54
34
50
55
75
32
71
42
38
54
48
24
54
70
127
50
52
53
42
106
72
44
40
70
105
51
32
67
47
57
49
52
54
33
56
36
30
80
37
49
62
42
47
47
54
44
38
57
98
55
52
64
45
33
54
60
90
50
27
65
76
63
37
50
35
38
59
69
26
41
34
37
96
40
71
31
98
89
39
85
50
44
43
34
59
54
33
51
51
56
42
31
111
58
34
54
62
34
50
80
17
43
22
76
48
41
104
43
42
59
36
33
58
46
48
59
40
56
65
32
37
46
18
74
45
68
45
79
61
138
111
33
97
58
79
36
67
64
72
92
42
34
40
25
26
46
40
83
39
68
51
48
31
72
72
31
63
51
36
33
58
41
36
42
48
76
37
43
64
113
82
51
41
44
44
52
60
39
35
57
36
78
42
60
41
47
46
52
25
93
68
50
32
56
45
47
77
123
94
121
38
66
64
37
64
38
55
90
43
37
17
60
41
16
80
66
50
82
50
42
48
67
58
43
38
56
47
30
67
54
56
60
66
75
76
49
25
64
35
54
51
38
64
45
43
50
46
40
34
98
37
46
50
31
39
64
61
54
48
42
48
62
80
42
54
42
41
64
32
45
78
38
44
97
22
36
30
79
39
71
54
57
47
59
27
26
64
62
78
33
52
31
48
37
53
62
54
45
65
67
56
66
62
63
66
31
68
45
42
67
72
51
23
52
67
61
36
49
45
55
46
75
69
71
89
66
54
81
36
36
80
90
76
56
57
54
28
62
46
39
41
61
100
49
69
58
84
79
54
69
123
87
89
32
45
46
40
29
32
53
46
90
44
42
70
81
52
62
36
38
67
53
52
74
48
60
85
25
26
92
82
52
65
90
35
61
35
71
45
33
69
56
46
36
59
63
67
94
81
53
58
51
128
94
53
54
60
57
64
69
40
47
38
47
51
33
48
44
44
68
42
127
69
50
54
60
72
39
106
56
60
41
89
14
51
40
58
34
25
86
37
31
57
71
84
39
42
76
65
38
53
102
42
43
26
23
26
37
41
136
129
55
103
68
49
51
64
45
32
53
85
26
83
89
33
53
47
46
42
49
46
80
69
58
58
56
42
47
80
42
70
39
36
41
65
39
78
61
37
71
114
29
55
82
51
51
53
42
26
62
59
38
56
75
98
78
54
74
78
53
42
52
42
85
55
98
46
71
64
103
59
56
79
45
85
43
59
38
32
49
54
63
28
44
45
47
55
33
96
75
46
47
55
63
50
56
65
37
36
76
39
70
48
56
54
60
52
59
24
55
45
52
57
29
26
38
33
40
31
52
60
40
57
56
41
40
83
41
103
54
30
56
60
29
52
54
77
66
64
64
60
54
44
42
31
38
27
39
70
37
46
42
55
51
57
73
45
43
65
36
45
52
35
49
65
38
77
29
65
43
70
63
45
38
37
35
43
43
74
35
70
53
95
33
52
33
55
38
71
60
58
41
61
50
57
99
38
55
74
59
55
49
66
81
48
24
72
78
48
30
109
72
42
50
116
48
66
72
40
61
44
92
45
128
59
86
60
38
44
27
52
56
75
50
61
43
34
51
51
29
27
23
54
57
44
48
44
50
95
32
73
38
69
37
31
33
54
59
65
73
34
58
38
56
34
50
55
38
34
44
29
48
53
156
85
59
34
79
77
69
35
52
33
49
53
34
59
43
90
56
105
35
53
67
40
32
39
37
43
89
62
39
51
57
41
50
51
41
60
79
56
44
38
113
55
79
28
26
46
75
66
55
64
19
79
68
61
38
74
47
57
50
69
71
42
49
109
31
63
37
53
44
40
49
36
30
89
89
38
50
25
42
88
28
28
39
30
94
89
62
53
55
56
40
62
44
46
42
104
74
61
37
35
37
48
90
70
80
63
47
35
81
37
66
64
67
68
43
105
163
73
100
26
52
76
78
45
52
39
61
70
53
30
71
34
29
65
45
45
33
53
79
92
41
78
64
65
38
75
34
59
46
50
29
110
34
55
27
43
36
46
58
101
48
92
80
39
102
54
47
62
38
43
59
67
44
55
39
41
61
87
33
45
69
65
31
47
55
40
58
47
27
63
68
43
86
57
38
48
83
50
78
55
59
50
31
36
55
39
66
34
47
76
51
69
35
69
35
27
47
52
37
65
70
53
33
64
90
27
44
47
120
50
54
73
42
82
44
39
61
55
91
68
47
35
55
55
75
38
33
33
31
51
56
58
38
152
59
70
49
61
93
82
48
89
95
78
64
38
45
43
53
30
48
48
61
45
71
143
59
58
62
77
31
56
51
38
27
31
51
57
46
74
39
64
45
55
147
91
38
38
95
36
54
41
68
35
57
50
51
101
30
105
74
77
52
41
60
91
76
76
45
49
38
119
86
87
34
67
119
59
32
61
45
28
103
42
94
31
66
79
72
50
80
87
24
34
58
92
96
86
32
54
39
37
72
77
47
46
38
62
74
48
79
88
63
67
52
61
71
51
50
64
123
37
47
87
55
41
50
39
91
58
70
70
64
69
71
58
55
50
35
99
54
79
29
34
55
34
69
35
51
42
33
71
46
43
46
69
57
45
40
66
74
62
32
67
49
95
51
60
30
25
40
75
99
76
94
65
57
45
79
35
47
44
50
51
70
44
60
31
109
18
47
38
75
55
51
21
71
44
55
56
50
76
56
41
81
63
39
35
43
48
47
31
66
39
61
67
60
77
57
20
49
46
58
48
88
72
36
66
35
71
80
65
50
54
64
45
55
98
74
55
39
96
102
47
84
69
47
71
37
34
42
54
55
78
50
43
63
89
48
59
75
126
67
78
37
43
91
64
39
35
78
38
52
44
65
65
45
35
54
86
77
117
59
36
31
47
75
80
36
39
36
118
32
50
79
39
53
47
84
29
106
40
60
39
78
124
90
57
99
53
99
118
80
116
55
81
39
28
89
47
42
28
47
91
33
22
44
52
78
53
66
58
57
58
81
74
50
80
57
50
38
39
30
39
38
41
47
104
65
42
146
53
40
33
39
33
74
63
39
73
36
38
40
52
45
64
23
46
52
101
41
118
81
45
52
67
52
40
79
80
62
54
44
50
24
94
59
69
90
32
38
31
60
36
47
48
37
30
90
54
37
31
44
88
53
67
49
42
75
49
68
44
75
34
62
42
58
76
73
82
120
37
84
23
62
62
51
48
56
60
57
50
109
33
31
31
40
26
29
56
45
37
38
57
75
73
45
44
33
44
53
50
26
33
36
95
30
103
59
60
53
94
71
55
55
37
40
52
79
54
82
71
37
56
84
43
72
24
84
55
43
62
66
55
60
26
45
59
63
33
72
52
40
39
51
69
29
63
65
74
33
64
90
49
49
74
76
59
58
48
45
52
60
31
50
38
84
79
68
32
44
29
75
74
56
53
48
35
62
72
55
39
51
74
139
61
32
48
59
52
20
72
41
65
48
30
43
37
35
44
46
36
44
60
54
51
42
58
25
64
29
28
20
55
55
24
52
56
33
44
57
12
43
28
66
50
19
42
39
50
41
37
24
66
61
42
35
65
37
21
26
51
56
46
31
37
33
49
59
49
38
31
51
33
37
51
68
29
37
78
68
43
56
40
13
42
61
55
55
30
73
47
22
33
59
42
27
47
40
80
45
74
40
28
51
31
39
45
33
19
35
47
63
60
49
41
86
42
62
25
24
34
35
49
65
47
58
42
60
29
50
45
59
62
30
64
51
32
52
76
41
59
50
60
21
55
40
55
38
45
60
27
67
30
44
27
41
29
72
76
45
36
59
45
68
40
23
64
48
43
55
42
30
117
98
37
27
58
53
31
29
27
108
69
51
54
51
29
65
77
39
34
63
41
31
68
25
35
24
18
52
33
79
47
28
41
35
55
33
13
34
101
52
52
106
58
29
53
32
57
31
30
57
52
45
23
36
42
28
40
55
24
20
25
49
37
39
79
44
25
21
35
35
100
39
55
67
49
27
37
71
38
56
115
51
38
44
39
61
43
41
38
26
35
35
42
46
36
20
37
96
45
28
47
29
17
63
35
44
71
53
68
17
50
41
24
45
57
71
31
105
23
36
41
55
38
36
55
32
35
38
71
41
20
28
55
45
27
38
44
56
72
47
64
30
47
88
58
28
36
71
46
42
72
80
28
51
75
62
22
39
55
32
53
51
33
41
80
41
45
88
67
75
64
40
39
33
103
38
14
79
34
84
40
41
50
48
48
34
55
70
48
87
45
59
44
38
35
45
38
85
97
58
50
35
50
43
24
45
45
62
50
105
25
23
47
57
22
70
108
56
49
104
64
38
36
21
97
42
35
66
52
29
58
22
15
186
45
31
13
85
51
94
50
49
26
74
24
67
34
46
23
42
68
41
20
26
135
30
28
76
42
28
43
51
71
34
70
39
60
39
61
26
52
59
35
28
96
24
58
25
100
35
43
113
31
35
20
51
32
31
31
71
53
93
52
54
16
34
43
35
54
70
39
58
26
51
46
76
36
50
41
30
70
35
49
35
73
42
37
49
23
53
74
32
50
40
70
26
73
39
24
26
29
44
41
70
23
43
42
29
64
40
39
26
43
78
23
32
34
28
29
56
67
49
49
54
31
50
68
36
27
35
49
47
56
54
41
41
46
71
35
92
33
29
78
63
29
40
57
32
52
46
53
44
37
128
62
41
52
32
36
52
54
33
60
29
31
30
27
40
30
71
26
56
28
35
52
26
49
45
45
33
45
59
48
57
41
50
42
46
90
62
37
62
37
31
41
82
32
65
43
34
106
66
67
50
31
37
63
53
59
45
43
45
47
37
50
13
65
26
22
37
75
31
54
81
28
39
48
38
28
21
43
43
51
34
67
52
65
47
47
60
26
64
30
37
65
76
54
37
32
93
55
83
35
40
45
43
85
40
74
60
61
89
44
61
40
22
54
25
76
44
44
27
43
57
85
47
44
77
56
71
41
31
31
38
91
63
31
73
37
42
54
28
72
45
39
77
142
26
50
31
51
59
50
32
31
39
69
76
24
43
64
103
74
32
18
37
27
14
30
20
53
79
46
34
70
28
53
29
33
60
52
21
40
36
31
35
62
64
44
60
54
99
40
51
73
51
37
33
34
20
35
51
42
22
32
43
50
23
76
30
45
41
56
44
52
45
39
33
73
54
71
40
65
89
43
63
48
60
58
95
50
33
47
34
84
28
43
61
37
39
97
33
37
31
23
60
46
49
41
41
67
78
94
47
77
42
48
66
24
68
65
36
51
37
28
28
34
35
28
94
37
45
71
38
58
38
44
98
34
21
25
38
66
60
32
59
41
49
38
35
45
45
16
45
51
40
57
42
48
36
87
38
59
44
44
38
39
41
35
70
56
52
58
57
20
36
14
36
48
52
56
74
70
44
34
34
23
48
39
28
37
31
66
45
14
33
49
49
57
89
68
51
38
143
27
50
19
66
45
68
41
65
33
52
66
49
48
20
38
44
57
77
54
66
57
69
42
52
48
63
39
29
35
71
25
96
32
31
33
51
41
20
32
28
41
63
38
39
45
124
28
16
31
79
21
40
47
56
24
24
77
31
29
77
49
48
47
61
42
52
55
31
37
52
33
59
45
34
42
41
14
57
28
59
63
49
69
47
37
146
68
30
48
40
29
27
47
43
43
45
26
77
34
108
42
59
38
44
12
34
26
64
46
85
25
59
80
95
32
38
21
33
