57
53
48
79
72
56
43
60
75
57
42
55
77
33
54
69
55
125
139
64
67
42
124
81
60
72
54
63
132
44
51
68
60
95
38
52
88
100
50
56
58
36
24
37
43
32
59
31
105
74
57
62
113
40
81
49
43
39
50
49
108
85
119
42
56
132
75
28
44
71
58
48
65
37
54
75
54
81
61
33
73
109
53
55
55
81
63
75
48
40
62
53
83
67
35
108
104
71
51
102
66
66
43
90
69
89
72
85
53
56
84
56
44
73
76
39
46
143
94
112
91
64
88
61
82
41
65
53
121
86
40
86
46
52
56
46
56
76
99
61
59
44
41
39
52
74
60
55
36
33
44
72
85
57
48
83
51
47
40
72
70
32
53
68
64
73
138
90
57
49
40
80
54
57
48
96
54
35
86
39
49
61
56
57
45
65
71
97
95
53
51
39
52
76
72
60
47
89
102
48
39
32
87
59
62
36
79
62
32
41
61
48
75
24
76
105
109
47
57
57
47
50
114
45
46
36
53
87
35
65
43
44
41
43
71
59
119
41
72
45
45
37
78
53
107
74
55
127
40
35
53
40
63
72
41
59
81
62
66
65
58
101
63
47
48
34
34
74
53
40
56
32
39
53
57
59
42
47
39
44
67
57
42
57
47
68
48
83
84
85
33
76
38
32
84
79
35
61
56
58
47
99
80
98
62
60
83
77
99
59
63
55
55
35
57
47
67
91
96
51
60
41
63
71
67
61
92
133
74
91
61
56
74
70
96
65
69
49
30
53
75
69
45
66
47
83
66
52
112
84
51
90
53
63
60
81
85
47
74
109
65
92
98
62
81
72
53
101
56
57
34
67
62
97
90
68
97
83
41
45
83
103
52
73
88
63
42
53
101
45
22
83
70
54
69
48
75
76
62
73
58
59
65
67
71
36
42
47
47
38
57
38
69
116
56
81
68
60
61
82
65
82
86
96
51
32
57
60
77
104
51
40
111
45
48
62
113
84
72
34
76
89
73
67
82
49
78
74
46
45
72
56
63
76
50
57
48
66
55
93
65
66
21
33
49
49
54
63
80
79
78
67
82
59
90
35
35
49
53
99
72
38
101
75
60
56
36
51
49
119
50
57
62
57
47
56
148
45
73
92
67
62
39
111
73
77
50
149
48
63
52
75
73
55
33
50
93
77
102
36
104
33
34
49
41
40
85
57
62
59
52
88
49
95
66
50
57
27
35
72
42
91
80
64
93
51
50
57
89
54
65
57
43
39
92
53
45
66
80
70
25
44
59
65
45
63
46
25
64
36
59
49
66
40
79
41
50
39
51
33
75
37
73
39
50
34
68
23
77
54
82
52
104
108
48
35
42
128
57
43
43
109
58
43
58
96
68
44
62
89
84
70
80
56
25
81
77
67
72
44
49
61
102
88
52
50
74
66
78
43
63
49
63
54
52
65
48
72
70
71
52
90
36
65
141
54
57
63
64
40
54
62
45
87
44
41
60
63
59
72
67
49
53
57
74
46
72
50
48
81
45
47
34
39
73
36
39
59
80
76
52
41
150
73
36
83
106
50
65
83
41
41
86
47
63
82
123
35
60
41
48
83
58
39
54
44
93
69
69
74
75
60
60
42
111
37
68
41
101
69
42
45
61
47
79
33
30
85
64
86
72
44
65
63
58
49
61
60
38
67
62
48
43
72
50
54
49
64
65
76
66
74
57
48
69
39
52
53
41
48
157
77
48
94
90
60
51
74
73
94
50
53
46
33
36
53
54
79
44
67
70
64
55
39
85
64
62
96
96
46
74
48
73
60
53
70
29
65
71
47
54
35
41
37
100
62
57
43
66
58
43
77
59
53
44
53
44
115
60
69
32
58
123
37
39
163
103
45
87
105
41
57
85
64
75
46
66
52
56
59
75
104
68
31
32
55
61
122
78
72
48
85
83
75
102
69
32
49
36
74
73
55
41
46
48
66
44
54
34
53
60
126
49
60
47
79
56
54
43
62
89
46
49
45
54
44
64
72
112
82
67
60
43
67
74
63
61
71
94
33
37
71
31
54
62
46
92
54
95
54
64
40
54
38
33
53
54
73
96
63
61
74
114
47
85
52
55
50
111
65
52
55
47
42
71
92
63
89
72
44
52
59
81
124
74
35
74
74
37
70
74
25
49
121
61
36
85
32
63
43
58
49
65
52
56
32
74
47
66
129
56
54
47
94
54
77
71
42
51
45
90
48
58
47
73
79
59
42
49
72
42
57
65
55
48
45
47
63
74
54
47
58
51
124
48
44
33
59
106
52
54
101
67
66
51
65
47
69
72
45
54
90
44
44
76
49
91
54
84
66
54
62
64
68
74
33
34
29
42
123
49
98
58
64
55
64
78
51
78
57
65
84
49
49
39
38
58
80
51
41
45
58
49
59
45
43
48
66
104
80
50
61
49
74
88
51
48
44
40
56
47
59
72
47
48
49
87
71
59
71
69
92
89
55
50
91
45
58
58
64
52
57
66
48
41
62
87
71
42
50
56
38
29
50
40
75
61
143
35
89
55
32
39
63
57
56
42
122
88
41
61
66
48
56
33
67
64
66
58
96
43
35
39
75
103
73
56
40
43
29
86
88
51
47
39
59
44
61
70
48
35
40
54
62
60
49
38
73
59
64
51
33
63
84
64
44
83
38
88
90
67
72
43
95
32
51
48
54
50
84
48
39
32
48
34
52
43
46
70
113
60
67
89
160
101
39
60
45
53
61
71
102
50
28
68
52
51
55
52
71
55
49
49
47
67
77
44
71
40
65
63
36
59
73
53
68
53
56
52
57
36
79
67
56
47
68
104
61
37
49
59
47
50
40
44
59
45
35
71
79
40
44
42
79
97
77
51
59
49
59
21
33
69
86
76
50
64
61
44
90
54
61
70
67
78
77
81
103
43
47
47
39
53
73
77
60
81
43
32
55
67
68
33
74
39
54
55
41
43
57
57
63
79
73
55
51
58
140
41
34
36
94
60
74
55
44
43
76
41
43
60
52
61
61
49
76
32
94
42
50
113
51
66
60
58
84
60
55
62
62
41
46
53
65
57
63
46
52
40
46
70
77
71
93
93
81
37
38
43
34
67
55
49
49
76
65
138
57
51
58
85
73
47
82
40
76
61
56
93
58
42
49
40
77
61
44
90
81
64
62
62
42
35
69
49
85
36
61
62
73
34
36
60
55
38
34
40
57
52
41
52
72
59
67
67
97
33
41
54
94
35
46
81
44
41
51
45
46
30
61
67
42
34
43
65
57
113
58
50
96
87
84
60
94
55
57
50
49
47
47
89
82
46
53
46
49
56
55
68
41
28
75
68
108
98
44
45
42
69
71
68
42
71
74
44
55
55
43
25
53
65
36
44
66
94
64
73
36
63
92
27
98
77
41
75
65
47
91
67
78
60
58
71
72
45
34
48
54
79
69
38
63
62
63
33
54
72
32
33
52
40
56
48
43
45
38
43
89
52
44
41
58
54
46
48
85
54
72
39
32
81
33
46
34
50
33
39
66
40
58
53
91
37
50
47
71
67
65
60
71
63
67
56
93
38
51
84
44
47
50
47
108
75
34
43
38
74
83
72
36
53
86
51
68
73
66
30
36
34
32
61
52
52
38
86
23
48
65
70
79
59
80
41
49
72
42
41
42
54
99
72
78
36
50
66
47
57
44
83
44
74
65
56
59
38
60
60
50
48
72
110
55
45
55
37
82
43
54
88
42
51
92
66
53
62
74
47
81
48
140
48
31
52
99
62
53
64
73
41
73
31
46
53
55
53
62
51
114
61
50
55
62
51
61
50
66
32
32
65
41
39
34
81
51
75
44
43
82
34
38
46
60
62
43
54
88
43
69
68
40
49
71
45
64
30
42
42
44
26
50
129
65
42
45
60
62
77
71
45
38
122
37
38
83
58
68
45
62
43
74
53
52
71
85
64
98
42
56
76
75
37
62
100
53
48
31
80
41
47
78
48
63
55
77
73
69
54
44
43
53
62
34
42
69
62
50
87
41
54
61
47
27
58
44
46
42
49
50
65
50
72
26
69
61
52
52
69
53
36
56
66
74
53
45
57
51
33
61
59
27
42
48
45
43
68
43
75
64
62
56
32
94
41
29
52
52
47
63
88
78
30
62
99
36
40
40
31
37
57
45
44
59
46
42
49
89
36
47
70
74
44
66
73
62
97
69
74
38
64
65
69
56
49
72
45
69
61
60
64
123
46
68
36
60
43
118
46
41
60
54
55
41
76
76
43
46
34
37
45
44
65
40
115
55
77
67
68
64
99
56
73
65
34
61
71
41
61
56
131
79
61
74
44
65
52
46
44
59
56
60
69
57
41
46
54
29
35
53
46
50
64
73
62
40
61
68
36
51
81
32
38
59
46
30
87
47
44
86
43
40
65
50
64
67
54
106
68
48
104
39
32
56
51
72
38
81
44
102
58
73
62
64
52
62
74
62
52
49
50
97
45
76
81
39
55
44
36
69
82
40
54
59
79
49
47
46
62
68
60
126
61
101
38
52
54
70
83
44
40
70
42
94
41
43
55
74
39
52
80
62
64
38
47
73
73
44
64
54
51
53
59
75
101
83
45
76
89
43
63
62
64
71
47
49
99
66
49
50
79
73
78
38
65
66
62
95
53
65
34
82
43
80
56
37
36
66
36
75
78
63
109
93
65
42
49
54
42
116
57
55
105
44
93
88
63
54
66
48
32
104
70
77
73
69
41
66
47
78
52
74
40
62
81
44
68
87
51
37
38
35
86
48
58
58
51
75
115
95
38
54
71
85
68
105
55
70
38
22
35
91
113
106
50
130
62
49
39
49
77
51
53
23
46
51
65
115
81
56
56
121
50
44
45
84
58
66
89
48
53
46
43
55
45
48
53
29
30
63
68
39
65
53
48
89
50
96
46
66
62
60
43
63
117
61
59
72
82
42
38
159
78
28
46
75
45
57
59
33
45
39
97
51
115
61
44
94
99
64
78
33
113
44
61
52
40
47
52
65
40
57
37
59
77
71
118
52
31
47
59
49
42
67
55
60
60
79
32
42
73
62
63
59
78
118
81
83
27
110
90
46
46
77
94
69
58
132
85
60
49
96
47
36
62
35
42
85
71
59
59
105
105
71
40
69
114
79
70
29
71
37
26
89
62
87
47
83
100
61
84
67
64
84
78
46
61
62
65
32
80
42
59
53
155
42
98
101
110
66
74
142
53
72
73
71
88
88
43
39
147
52
32
54
54
117
58
57
68
40
66
61
66
42
120
57
49
101
65
61
165
50
51
104
108
45
52
44
84
82
68
66
63
41
72
50
56
48
71
97
116
70
60
55
72
30
40
38
38
79
48
81
36
112
82
38
90
32
69
13
55
62
120
81
64
82
66
89
61
40
44
75
70
64
89
54
51
83
54
53
63
96
77
121
205
69
64
62
37
99
92
59
47
62
76
32
66
44
81
49
47
48
55
102
53
105
49
66
76
63
46
76
57
55
38
33
56
77
72
84
50
46
44
67
81
42
36
73
103
88
52
51
51
43
58
84
86
93
47
59
74
68
73
55
67
59
46
83
56
56
54
78
31
39
72
73
37
66
54
67
47
57
38
55
61
62
42
38
63
52
41
41
81
93
30
42
53
39
29
82
50
55
87
68
69
27
63
82
73
106
57
75
42
103
114
68
54
58
103
43
113
56
109
99
61
35
64
54
56
42
109
127
55
46
120
47
98
92
45
43
74
54
91
46
104
62
65
59
67
47
64
91
62
135
39
87
47
77
28
60
53
40
49
65
75
51
59
56
90
46
44
114
68
58
89
60
48
103
46
29
100
58
29
64
95
54
69
71
83
37
82
67
58
43
54
44
38
79
51
61
33
100
90
46
102
106
57
97
68
67
51
47
90
43
46
64
65
49
62
67
66
59
30
43
52
43
84
40
95
55
62
88
47
44
48
83
55
62
42
42
75
53
68
50
29
79
33
53
29
59
46
62
44
61
79
38
41
45
40
66
85
43
74
68
55
37
56
54
48
49
69
40
41
41
36
67
50
34
52
82
84
69
76
70
38
74
38
60
74
113
76
59
41
53
67
77
60
73
59
110
46
93
62
48
28
76
41
37
57
74
79
42
64
27
34
42
47
52
76
63
40
75
81
101
57
85
88
55
79
55
37
86
52
24
31
56
57
118
54
79
47
54
91
55
96
86
35
74
40
101
53
78
87
63
91
41
51
56
74
40
74
97
46
62
55
56
69
48
40
101
54
87
36
91
48
44
112
59
58
75
49
71
50
46
40
51
95
71
61
39
61
53
73
54
36
43
81
71
66
66
47
127
67
49
59
26
123
61
77
43
117
77
43
54
142
105
50
36
71
45
41
41
44
46
38
50
46
35
28
70
44
68
39
50
22
63
35
55
82
55
40
61
38
67
64
48
52
46
59
76
92
86
22
64
47
68
78
47
87
123
30
47
43
98
111
60
106
57
57
62
53
44
34
33
64
48
46
74
40
87
51
78
40
71
48
45
40
27
66
42
69
86
95
75
46
40
54
60
74
70
44
71
81
41
66
84
69
131
49
53
57
58
66
82
54
67
192
56
57
32
49
74
68
53
93
83
43
77
51
44
52
78
62
80
37
105
120
65
75
46
50
53
61
54
60
63
64
59
51
102
50
55
32
57
26
50
65
58
75
89
65
61
93
70
58
72
91
66
78
56
48
61
66
59
27
39
69
77
40
46
42
81
43
48
50
65
78
60
58
59
66
90
51
88
39
64
41
51
70
49
65
60
55
38
38
98
39
41
92
62
40
21
43
36
35
38
31
39
42
37
52
34
44
62
37
77
48
72
70
100
98
34
26
68
58
22
52
70
50
32
52
31
41
106
45
92
48
50
33
38
25
37
95
42
53
83
50
31
71
62
43
38
72
78
57
68
58
64
37
47
48
67
48
56
102
44
71
47
41
48
28
43
54
43
62
54
55
31
34
75
42
48
52
107
59
50
39
29
47
35
33
60
39
41
92
39
55
72
111
64
85
27
123
48
60
47
73
33
116
58
47
38
44
62
59
30
18
38
65
82
99
90
29
73
60
57
47
77
56
49
64
44
29
83
62
72
43
60
49
43
68
82
53
33
94
40
100
43
51
47
39
38
38
80
76
65
39
52
55
115
45
67
51
77
65
35
29
44
58
41
98
52
65
34
56
95
48
31
38
47
77
99
37
50
53
45
48
34
64
62
51
33
40
98
62
63
26
86
43
58
44
94
52
68
38
81
33
61
28
74
29
26
22
63
34
39
69
42
86
64
34
31
43
37
25
42
76
42
36
50
34
68
81
88
66
73
40
109
82
64
52
60
56
36
41
24
22
47
28
28
73
32
72
39
75
31
58
64
54
45
84
34
74
53
33
30
88
58
54
34
47
77
83
51
58
36
54
109
91
59
45
45
84
52
84
34
56
33
76
43
73
41
35
54
64
82
61
60
45
87
54
51
72
30
61
39
81
94
51
42
52
102
49
43
41
45
34
32
76
40
27
62
64
92
60
49
50
46
33
43
70
53
42
117
41
41
71
25
66
51
65
93
61
53
101
38
77
108
71
50
98
62
38
53
61
77
56
23
39
43
40
37
44
67
51
64
22
42
59
84
33
106
119
88
39
43
32
61
42
43
52
51
42
43
37
76
35
79
31
54
85
61
75
49
75
64
139
80
40
54
22
43
59
65
88
53
102
71
42
54
61
85
93
47
77
51
44
82
118
55
72
50
42
63
92
65
58
57
72
54
37
80
24
24
41
47
108
110
47
80
66
67
63
32
68
63
45
50
50
44
102
90
42
45
59
62
43
44
39
72
74
59
53
50
56
48
92
45
91
63
40
63
54
48
50
77
42
43
44
39
74
51
122
94
61
46
49
34
102
106
47
68
54
93
44
56
50
76
41
48
53
74
42
69
65
49
47
75
40
54
32
38
35
67
45
53
43
65
38
117
168
47
49
70
49
56
65
128
55
42
52
68
55
49
102
51
37
46
42
50
45
47
47
72
31
42
40
57
40
45
31
21
56
34
61
59
79
60
34
49
36
44
49
33
46
73
50
65
64
37
39
44
44
77
22
86
65
55
33
40
40
113
21
38
30
52
43
48
61
49
135
65
67
69
125
81
44
37
65
29
57
20
84
43
55
51
38
25
77
34
74
37
52
39
39
33
50
51
70
43
55
51
35
56
73
51
75
102
76
78
58
88
39
88
80
66
53
22
44
53
92
28
29
61
90
62
53
37
57
44
44
73
22
37
39
77
68
93
39
54
61
63
34
58
57
43
47
55
33
58
73
40
40
52
30
92
50
37
30
36
57
78
49
88
39
22
114
32
45
47
42
59
32
50
43
39
70
93
59
34
51
67
79
38
54
76
26
38
42
64
67
76
35
109
42
69
55
39
77
63
55
52
83
28
35
55
88
45
60
62
33
59
45
67
36
127
63
63
60
76
58
54
48
89
81
94
70
111
47
68
48
45
49
38
44
69
46
77
58
36
40
70
63
38
78
56
39
61
61
101
93
79
73
46
23
29
50
68
55
42
38
71
46
76
30
92
59
54
27
38
29
26
52
96
39
58
72
99
51
36
112
94
28
57
55
65
100
93
54
29
42
85
78
52
74
52
18
36
57
43
81
38
52
43
55
63
59
63
52
23
38
48
52
36
57
65
57
60
43
56
59
41
58
79
38
59
59
44
42
66
64
71
53
56
25
27
36
71
61
59
55
92
72
131
25
53
31
62
82
36
87
75
35
72
74
58
57
45
72
44
46
31
56
37
42
84
61
88
34
40
47
72
61
63
48
69
44
34
39
100
56
51
50
39
38
51
52
86
60
52
42
38
24
78
41
55
33
65
55
74
35
45
48
37
52
43
54
38
40
34
98
65
46
40
50
61
39
103
73
56
100
43
22
54
80
53
19
61
69
71
57
99
110
53
64
59
63
47
45
94
80
79
57
78
109
36
58
49
30
45
75
43
44
67
66
35
42
66
27
56
47
70
19
37
49
58
31
50
40
33
73
57
54
53
51
24
36
44
22
44
49
63
70
35
39
34
40
43
35
37
59
100
68
51
17
57
32
50
69
34
64
27
59
18
15
40
78
58
23
75
55
65
92
52
47
50
89
36
137
29
41
39
39
94
69
85
50
79
23
74
39
122
54
39
29
62
31
48
44
45
40
52
38
28
32
33
39
46
62
148
60
60
57
38
85
21
35
37
34
34
66
58
33
50
43
41
36
36
40
54
39
24
20
77
76
35
88
61
47
61
49
53
30
39
19
34
38
32
19
77
49
38
62
74
33
22
27
31
35
29
50
32
52
42
33
62
74
36
32
21
43
34
22
132
61
43
44
34
53
23
46
37
42
38
41
63
47
17
31
32
69
29
40
34
40
42
30
50
43
35
28
18
39
43
45
36
36
19
95
54
49
19
48
19
60
16
54
49
34
22
39
24
40
18
60
24
66
31
53
90
37
52
56
34
47
97
37
40
35
121
51
40
63
72
61
44
35
56
73
36
38
36
26
54
66
33
24
44
37
50
74
40
24
79
44
56
106
37
78
49
49
88
29
84
20
59
34
39
54
40
40
67
70
43
22
61
39
62
37
37
27
22
40
33
71
51
42
30
28
28
41
44
60
46
9
21
27
66
28
51
63
44
20
38
66
27
64
50
62
37
22
22
35
48
25
46
33
60
82
42
42
43
64
82
29
26
26
53
58
58
61
67
32
23
60
35
41
36
67
32
86
48
35
47
36
32
104
46
32
50
34
49
27
63
18
42
56
46
28
68
25
38
68
35
39
65
37
68
72
41
56
62
71
78
41
50
50
55
50
28
49
33
45
112
54
69
39
31
42
48
35
63
34
53
78
72
68
24
34
33
54
60
37
41
99
63
41
41
80
22
65
56
57
38
51
25
57
59
24
28
42
43
61
33
15
27
38
33
74
62
52
33
39
71
43
38
63
121
34
57
77
27
34
40
68
33
30
46
38
56
50
64
90
23
40
41
71
27
87
42
22
42
16
52
50
37
32
37
46
42
70
44
29
54
27
40
42
84
52
47
32
56
27
26
42
59
49
78
23
39
45
99
22
64
59
44
29
67
43
51
49
23
26
47
40
63
47
23
19
90
38
65
28
83
48
42
48
46
43
59
57
46
43
38
39
43
30
33
43
21
37
37
36
80
29
31
35
53
25
59
26
48
42
30
58
42
37
25
54
27
52
61
38
47
58
23
62
68
59
54
53
63
47
107
34
66
32
41
66
38
20
67
29
37
71
24
86
49
30
86
41
49
20
45
40
40
40
34
29
39
43
54
63
74
109
37
99
90
72
57
55
54
62
38
52
31
50
33
51
40
50
53
97
50
45
39
37
33
42
100
46
46
69
28
84
24
39
44
39
46
60
46
44
48
67
54
51
76
40
71
54
19
46
89
26
36
60
49
48
45
34
58
25
114
20
45
42
46
35
49
72
14
47
53
48
45
33
20
40
31
31
55
65
26
33
40
23
69
88
57
55
29
51
64
101
49
37
23
27
58
40
67
44
29
92
17
56
45
46
31
45
57
34
72
20
53
41
57
65
76
46
56
82
34
49
58
71
31
24
88
73
40
59
62
38
26
53
68
57
12
35
75
38
38
39
34
25
58
70
24
93
18
36
45
13
33
45
47
59
34
24
11
57
67
46
37
90
69
34
63
44
33
35
32
45
56
45
22
46
34
41
58
48
45
42
32
47
41
48
40
76
79
24
82
52
21
70
25
47
21
44
40
68
28
30
33
32
44
95
37
38
35
34
35
19
39
88
23
20
47
19
26
67
44
28
37
32
36
65
29
44
35
30
24
82
30
34
23
18
33
37
90
21
80
59
46
25
73
36
71
58
52
27
34
34
31
52
43
54
32
61
98
29
36
55
50
43
62
14
50
49
47
48
24
24
54
68
58
45
89
66
58
111
48
20
25
36
48
47
61
50
69
35
38
31
69
60
43
37
35
52
35
31
48
45
71
84
54
92
49
19
76
48
41
46
68
38
52
49
73
29
52
86
17
62
50
41
60
83
49
71
33
47
49
60
43
38
26
33
65
54
55
19
80
42
41
32
56
38
38
70
26
48
68
24
53
58
31
46
57
57
67
103
85
64
55
68
54
24
39
54
37
56
25
28
46
27
21
32
35
50
53
74
34
78
53
100
46
48
47
41
36
43
23
11
43
45
72
33
24
54
42
32
63
38
44
44
62
152
56
75
20
32
44
67
44
40
109
34
59
50
21
58
62
62
47
36
89
59
44
58
76
37
58
21
60
41
68
51
36
44
29
43
41
43
53
79
18
37
82
59
25
48
31
44
60
22
16
18
37
34
20
45
44
67
59
47
48
17
76
84
46
46
41
31
32
33
30
26
25
28
66
49
79
48
88
54
99
61
32
44
69
45
29
24
52
41
43
35
26
50
32
27
27
33
25
34
38
46
67
36
44
22
74
34
25
28
48
49
42
82
25
47
55
59
75
80
44
19
31
85
33
37
51
36
55
47
45
25
112
50
72
24
28
35
37
102
27
32
48
50
49
40
40
26
77
47
44
64
142
29
20
78
65
47
38
33
62
49
24
43
36
44
32
35
41
72
58
58
38
92
26
34
113
92
39
52
96
25
18
30
25
20
64
95
44
31
65
44
47
35
47
60
55
25
52
100
58
37
52
50
27
60
87
41
56
95
45
51
35
36
51
26
51
49
20
20
29
32
38
76
23
46
47
32
41
51
72
56
46
51
23
79
30
40
46
48
41
32
28
72
45
42
31
62
33
61
38
28
78
48
62
19
39
78
72
120
74
21
25
55
42
29
36
90
27
30
41
20
68
50
49
24
58
76
95
71
31
24
37
102
66
25
36
40
39
44
56
46
54
75
45
39
39
38
64
20
50
35
62
43
61
33
90
14
38
44
48
30
45
31
31
37
75
55
59
34
58
45
25
53
35
65
41
48
51
64
55
42
34
30
37
51
42
49
14
63
31
42
34
57
46
71
69
78
40
27
77
29
97
44
29
38
66
43
60
54
35
28
30
39
35
52
12
46
21
58
58
63
24
17
42
38
110
35
77
39
62
31
37
78
20
31
36
25
51
33
35
72
71
35
18
72
22
20
62
89
67
76
28
49
31
45
41
78
32
72
51
37
24
39
37
68
25
58
23
18
35
64
32
34
70
47
57
39
37
49
94
80
71
20
22
47
46
143
38
75
46
40
38
35
66
44
57
29
64
92
34
44
49
43
47
68
50
25
43
99
49
44
53
28
69
27
39
90
43
97
26
60
66
42
65
62
32
86
52
46
119
55
30
71
69
43
41
41
27
34
49
22
26
63
50
70
62
48
25
71
53
31
28
31
39
28
69
39
58
77
48
65
59
36
52
34
45
58
43
43
41
20
36
58
49
31
81
69
58
75
47
49
45
32
29
61
18
16
34
38
26
43
60
41
38
23
37
46
23
36
81
21
51
53
27
126
60
75
37
67
34
34
42
74
36
104
48
37
66
67
23
43
32
36
44
25
47
49
33
33
71
69
39
28
54
73
58
54
50
100
39
37
27
103
31
78
104
32
36
41
27
78
25
42
27
65
36
55
45
68
40
17
27
42
65
34
34
46
51
22
47
35
54
56
33
72
103
87
54
68
42
93
53
34
53
37
53
53
49
82
44
74
74
47
65
50
80
42
44
52
44
36
69
31
41
26
55
33
46
42
63
24
75
26
48
19
55
43
29
52
26
56
45
57
81
65
49
61
70
74
55
27
45
69
91
29
67
30
32
75
77
36
32
51
32
49
67
45
57
82
25
46
18
74
34
70
41
36
47
43
39
34
40
78
120
42
64
43
37
20
27
33
76
44
104
37
28
63
33
41
51
53
44
51
27
38
53
27
29
59
40
43
50
84
66
57
32
55
33
56
51
81
39
21
47
43
81
15
35
46
45
25
34
42
26
36
36
145
43
19
32
47
54
57
45
34
37
54
38
64
34
35
42
62
33
42
52
40
30
55
93
28
55
76
28
23
34
62
36
75
57
41
30
42
50
41
37
65
45
50
41
48
95
28
53
42
49
23
33
70
50
29
24
33
26
23
57
21
36
66
118
84
38
41
27
39
129
40
43
47
70
36
58
55
51
34
51
105
30
130
53
31
83
27
57
69
30
26
71
75
83
84
95
70
80
24
54
15
34
42
39
44
21
38
48
56
40
38
36
51
52
51
40
41
47
51
84
40
71
67
53
75
26
57
86
54
42
23
43
36
39
21
25
38
26
123
31
49
39
35
49
44
79
49
47
91
56
84
69
59
40
39
32
83
76
50
91
29
40
67
27
26
61
31
22
32
54
53
32
32
48
61
29
48
38
87
31
52
66
40
84
32
40
44
55
28
36
44
23
55
34
47
72
22
221
43
36
53
78
30
70
27
46
28
33
78
75
50
43
105
35
43
46
58
61
32
22
70
92
52
18
90
33
64
44
37
28
123
66
59
51
62
59
48
42
27
44
46
15
54
121
37
25
18
53
59
19
84
53