14
2
2
36
5
18
22
10
15
3
51
19
42
25
13
1
7
17
24
15
14
57
15
20
32
16
18
10
39
22
15
3
41
6
37
8
25
1
4
19
2
9
31
2
4
19
32
29
7
14
13
7
10
4
30
45
20
4
68
3
40
18
11
29
25
12
32
9
31
29
31
14
16
5
17
13
12
15
24
7
32
17
29
23
12
18
24
6
23
11
77
4
30
12
3
8
11
20
14
74
5
59
19
22
56
8
26
14
1
22
9
40
8
10
11
11
25
13
13
21
15
69
22
19
7
8
8
19
10
10
29
37
5
24
25
3
5
52
47
7
12
51
4
1
8
14
8
13
14
7
47
10
3
7
17
8
56
22
10
18
7
12
2
12
12
50
25
9
17
2
1
17
20
19
3
9
73
5
28
19
17
16
38
3
19
7
12
39
5
58
28
22
24
12
7
6
19
7
53
17
13
12
5
12
17
10
43
3
72
9
4
15
12
1
11
10
15
6
9
40
1
16
109
24
1
26
48
24
28
18
34
18
42
18
6
18
44
9
44
3
30
18
21
7
58
38
24
2
1
6
25
8
11
3
6
3
12
16
3
1
2
9
23
1
6
14
1
21
51
2
4
7
44
12
5
7
8
5
10
4
1
7
12
14
21
12
23
3
2
38
11
14
37
5
32
6
13
27
18
27
17
2
4
13
1
8
5
1
12
9
4
26
97
26
32
144
16
8
10
24
26
25
49
41
7
63
33
7
12
5
9
7
5
13
50
30
3
36
16
46
9
4
15
1
3
1
10
21
10
7
40
7
1
26
4
128
2
17
16
9
6
1
23
3
34
11
12
49
17
8
13
6
12
72
16
12
21
82
34
15
58
28
34
4
8
6
4
13
23
12
4
6
23
20
1
47
10
26
15
27
28
83
42
41
11
3
21
14
28
10
23
4
22
24
14
18
6
9
24
8
17
1
25
14
5
11
16
20
10
24
8
14
2
66
31
29
7
16
55
10
5
26
5
26
17
7
24
22
11
8
31
32
6
93
3
9
15
4
38
1
36
12
10
22
10
52
29
6
14
13
82
9
13
5
6
49
17
3
4
38
3
20
19
47
23
19
11
22
63
19
11
32
24
80
4
33
7
10
11
29
20
21
12
46
50
20
7
11
8
63
8
78
4
8
2
16
1
72
1
14
44
12
28
14
15
45
44
5
9
13
9
10
4
54
16
10
23
12
13
13
89
40
7
37
8
5
8
6
46
24
13
4
5
5
4
2
6
100
38
65
19
4
6
43
15
9
54
6
6
19
1
10
4
3
5
2
1
39
28
28
37
2
14
54
12
50
12
12
8
10
23
6
1
39
35
29
3
14
1
2
11
11
1
6
36
24
17
23
8
64
33
21
32
3
14
10
15
29
3
11
56
14
8
45
77
7
18
26
15
5
24
48
30
110
13
10
11
31
6
38
27
4
35
5
21
9
25
9
12
24
30
29
20
28
3
10
12
17
15
49
23
23
17
10
5
8
25
36
2
30
3
28
1
35
41
17
20
19
16
17
4
35
10
6
2
31
7
2
9
9
7
3
78
19
3
32
41
10
8
3
5
25
48
10
18
16
9
6
1
25
5
5
22
16
9
9
9
28
47
63
4
4
20
42
15
12
3
11
15
5
35
31
12
31
30
7
15
8
3
3
13
3
17
1
17
36
6
3
5
8
8
8
81
2
7
1
8
16
7
21
10
35
26
22
12
1
6
3
16
56
37
3
16
21
16
13
12
9
1
6
30
6
11
41
41
14
17
2
4
9
5
14
29
10
25
39
18
21
6
13
10
2
29
4
34
8
15
29
14
23
27
7
22
30
12
4
5
9
5
22
16
37
29
4
13
97
18
9
31
22
9
8
38
10
33
49
27
32
1
10
2
1
8
15
2
39
20
15
8
35
27
26
25
12
15
2
29
4
14
17
61
8
28
2
24
3
3
18
31
11
15
31
2
2
1
31
22
1
26
4
19
14
6
28
43
3
5
54
13
14
36
1
19
69
2
44
1
38
100
1
5
11
45
6
2
21
22
6
13
2
13
6
31
35
38
30
19
6
60
3
3
66
17
9
24
6
8
22
12
10
5
2
18
1
6
5
11
35
26
17
1
14
3
10
17
8
63
9
6
16
44
19
19
16
4
5
24
8
12
24
26
2
6
8
77
11
61
19
17
13
9
19
4
55
1
3
4
5
10
107
12
3
4
7
4
1
1
21
8
2
13
2
66
6
13
21
16
19
38
16
8
8
1
7
2
1
33
7
5
44
3
8
7
38
33
22
63
13
7
5
17
1
29
1
77
15
22
5
27
10
2
14
48
26
63
69
1
56
16
1
40
28
7
14
10
7
19
10
2
9
90
26
4
2
32
33
4
8
73
3
18
1
1
8
1
12
14
19
2
11
22
1
13
14
43
2
42
83
1
4
29
17
45
2
3
34
25
17
19
52
8
14
7
2
5
7
7
3
54
4
5
19
29
17
5
11
42
71
17
20
6
10
4
17
4
2
14
14
2
2
26
12
16
6
36
6
35
46
13
22
27
31
2
17
11
23
51
2
38
46
21
26
1
2
3
11
6
12
4
19
5
22
2
2
20
6
4
14
5
3
6
17
8
18
13
10
6
3
78
16
24
23
44
1
2
17
37
2
26
1
2
7
6
25
23
47
3
36
27
4
17
12
4
4
43
9
6
18
14
14
9
14
24
35
12
9
36
37
3
4
4
19
26
24
33
7
26
2
4
16
34
23
27
6
5
11
17
11
22
4
7
28
17
14
15
8
2
3
18
2
4
2
18
5
28
45
2
45
48
30
32
45
14
9
23
46
2
17
3
36
1
3
7
1
17
8
1
30
53
14
22
31
13
5
19
17
37
9
5
6
5
3
129
44
4
17
9
15
11
36
9
2
38
34
14
3
19
31
39
37
9
26
10
3
7
5
3
41
61
6
11
2
18
18
15
79
22
34
5
7
6
19
20
11
11
9
4
7
8
44
9
13
11
26
9
10
1
16
33
12
11
4
6
30
31
12
1
23
25
14
2
1
4
1
23
15
7
6
1
1
46
11
25
2
8
15
4
5
24
5
7
22
2
17
8
19
16
20
14
21
11
1
10
36
1
8
15
13
11
8
4
19
4
7
5
3
25
14
20
7
17
1
1
1
15
15
15
9
2
7
11
15
38
42
40
1
6
15
20
2
6
10
52
18
1
59
24
5
19
5
14
38
14
17
12
2
4
19
15
6
3
7
15
10
29
32
1
20
5
33
38
3
2
4
6
7
17
51
35
5
15
18
19
21
44
36
6
15
11
2
13
20
1
7
16
17
1
5
31
23
6
37
32
3
30
49
7
10
6
11
28
26
9
15
16
33
57
4
1
33
19
13
1
14
17
18
17
41
8
4
11
14
2
3
55
18
12
19
16
31
37
5
37
10
2
83
19
4
36
21
24
5
1
2
38
8
33
32
3
8
25
36
4
1
3
48
7
8
8
35
20
9
17
23
21
10
3
6
4
2
59
5
51
2
44
10
14
9
15
92
57
48
15
6
10
14
20
5
15
13
11
23
32
31
6
1
25
11
3
17
8
7
30
35
9
5
37
9
16
6
24
5
14
33
11
11
23
2
4
23
10
14
20
22
10
5
13
14
45
6
34
11
12
17
9
16
2
72
26
25
3
24
37
16
4
7
18
34
30
2
11
2
29
26
10
5
39
70
92
12
2
2
7
30
19
2
3
17
7
55
5
3
1
2
13
1
80
5
35
12
11
20
6
13
4
10
24
25
34
14
3
1
42
14
3
7
30
5
30
8
12
32
8
1
17
11
2
23
14
2
21
7
35
3
17
6
6
103
19
3
4
17
53
14
7
12
14
1
2
11
12
41
1
21
1
12
10
34
16
34
2
18
26
40
4
58
8
14
8
19
52
8
40
36
4
18
37
11
34
25
13
14
20
14
29
14
2
13
13
2
4
9
17
6
4
5
11
2
36
7
2
2
3
11
43
12
12
1
47
10
3
11
4
82
34
13
4
28
65
13
1
4
4
3
28
6
24
48
20
25
24
4
44
27
3
13
25
10
17
41
9
17
10
6
12
25
46
3
33
4
38
30
9
2
8
1
36
24
15
5
4
8
10
5
7
6
20
7
9
51
4
5
3
13
13
12
12
10
14
1
13
7
4
43
14
5
16
9
1
8
6
7
1
4
14
12
14
16
28
15
13
18
42
1
2
49
17
28
18
29
12
55
5
48
9
41
33
10
17
14
35
11
33
3
44
2
22
8
3
1
45
18
8
31
4
8
2
12
21
72
22
53
18
9
6
48
63
27
5
11
24
35
8
23
15
22
33
19
1
3
17
14
3
8
34
6
12
3
9
23
8
6
47
31
29
40
25
4
56
6
3
5
18
58
38
5
13
23
40
10
5
24
3
13
3
23
2
7
4
12
3
12
3
4
2
21
7
1
51
18
2
33
16
8
11
42
40
24
4
1
5
36
40
1
25
30
13
15
6
24
57
51
11
28
8
3
6
1
5
29
17
9
36
21
54
1
21
18
9
1
4
10
8
3
12
5
41
51
23
8
6
1
7
40
2
16
29
14
76
8
9
2
59
8
15
24
18
27
1
25
44
33
43
43
18
11
14
15
26
24
24
8
13
44
33
43
17
24
22
50
26
27
21
4
1
19
5
28
1
68
5
44
16
29
27
22
7
19
3
3
4
43
8
1
14
18
17
2
7
7
15
12
29
8
2
5
17
8
9
11
28
28
26
12
18
38
62
16
77
40
60
44
5
50
13
4
9
35
9
7
11
1
19
3
1
52
23
36
22
50
5
19
42
13
16
19
61
11
2
12
3
6
19
26
16
45
12
9
6
24
13
24
10
20
6
3
18
33
46
6
19
3
13
19
4
22
30
13
42
53
20
60
1
1
8
10
67
16
1
16
14
14
18
7
8
52
1
3
12
34
2
20
9
5
10
7
20
22
16
51
34
2
7
8
24
34
23
5
26
11
21
2
34
1
25
15
24
14
26
18
16
3
3
1
10
13
57
27
47
2
45
28
37
16
47
25
53
12
16
7
14
14
26
1
34
30
7
3
1
3
19
61
19
11
48
19
4
2
9
32
5
52
1
32
36
24
34
4
10
4
2
23
6
23
9
22
73
27
1
35
47
59
15
5
17
9
23
3
1
31
32
39
39
48
9
12
2
21
1
28
31
24
35
23
12
23
2
56
82
49
89
30
37
27
39
3
46
1
7
21
53
23
10
1
6
38
12
17
4
28
14
25
3
11
56
2
40
4
1
11
14
60
5
17
17
5
53
47
34
3
7
2
33
34
1
5
37
4
1
40
24
9
7
25
28
37
5
5
10
5
32
72
33
22
7
36
7
2
25
7
30
18
13
109
61
6
23
16
5
13
35
8
43
11
17
26
41
41
38
11
6
23
22
17
18
9
11
24
28
19
10
9
30
59
30
7
21
12
7
2
3
56
14
10
11
5
13
28
18
25
6
16
8
2
20
12
23
7
17
23
7
9
73
18
8
14
24
48
1
18
2
7
53
3
16
21
5
48
35
4
14
27
6
57
28
20
2
9
9
14
3
4
38
56
12
19
28
5
10
22
35
18
25
5
38
12
17
44
10
3
42
31
26
1
35
41
19
16
9
9
8
94
52
93
29
48
30
12
16
69
8
23
6
5
5
29
3
5
20
22
23
6
12
32
4
19
17
6
4
6
11
12
5
73
2
1
26
13
2
9
4
5
10
13
53
38
27
37
1
4
13
9
7
21
14
11
16
102
5
12
26
3
3
32
1
9
25
6
21
40
7
29
55
3
11
1
15
9
9
41
38
3
1
7
32
10
14
17
31
9
6
8
24
5
26
112
7
87
1
17
12
32
19
17
5
37
29
13
44
24
12
28
20
40
24
29
3
5
29
2
11
15
83
14
11
18
26
4
96
20
60
2
2
11
29
15
5
8
32
3
15
60
3
45
37
23
21
41
51
28
57
9
6
40
76
3
20
16
21
14
30
13
5
6
4
3
2
9
5
22
26
1
10
10
8
1
33
60
18
16
15
13
119
3
1
34
16
38
17
37
3
35
3
13
24
33
18
9
10
19
36
125
17
33
37
4
6
3
3
1
14
4
24
3
10
14
5
8
69
39
34
2
9
20
1
31
12
4
3
15
3
2
10
53
23
21
10
9
9
12
7
6
21
10
9
28
50
6
8
19
36
16
11
2
15
28
8
8
27
8
17
15
28
24
12
7
33
15
46
1
5
2
5
46
47
24
19
12
3
63
12
12
7
9
31
4
13
34
9
4
27
44
17
3
36
59
32
16
1
83
19
23
17
1
10
2
3
54
13
4
32
19
16
11
35
10
37
5
2
41
19
1
10
18
35
3
18
41
1
1
20
37
4
43
43
34
24
29
38
35
15
4
29
32
34
49
6
8
13
19
12
8
31
31
16
34
3
50
46
20
1
5
76
32
2
6
20
7
30
10
24
6
16
15
9
21
15
61
6
6
12
20
23
46
22
5
23
10
7
19
16
9
1
15
1
25
3
48
4
11
6
13
35
12
30
43
2
37
50
1
15
24
28
83
3
26
33
2
7
14
49
4
26
61
19
1
16
28
17
11
6
17
20
2
4
21
15
7
19
7
16
12
2
69
2
31
76
85
8
18
14
4
1
2
34
5
79
2
14
3
22
69
50
29
50
40
26
11
1
36
12
7
12
2
6
2
78
26
35
72
9
2
1
22
6
1
10
18
70
16
75
71
13
6
17
23
73
10
17
6
3
41
41
1
7
13
2
1
2
17
3
24
13
23
4
4
3
2
52
16
8
1
11
18
4
12
14
42
26
6
15
4
4
9
7
2
54
28
9
10
25
1
16
12
1
7
1
14
7
13
3
5
10
5
29
20
19
53
28
5
17
10
22
40
3
8
11
11
11
24
1
10
84
1
16
2
25
16
28
53
6
41
25
23
20
49
6
51
56
4
11
7
39
17
46
10
2
23
5
14
12
18
16
57
29
3
17
41
26
12
31
1
28
3
21
4
37
22
35
14
13
3
1
78
48
8
1
15
1
2
21
4
5
19
26
69
17
19
2
2
1
11
6
8
18
1
6
11
19
8
7
24
33
62
2
49
7
3
29
31
16
13
31
15
7
40
37
8
22
59
13
45
17
3
21
2
42
14
19
23
3
14
11
23
2
35
2
35
48
39
34
5
1
26
70
5
1
25
23
10
2
6
26
1
3
20
62
58
7
14
17
37
49
2
14
14
6
2
8
24
14
22
19
4
76
6
25
6
16
1
17
12
1
4
30
12
3
13
2
7
7
1
1
9
36
17
30
12
15
20
32
21
11
17
7
45
1
14
55
34
117
22
31
5
8
10
46
19
24
8
41
16
12
28
9
36
9
3
14
45
94
19
6
14
32
4
16
9
1
28
16
15
17
55
32
16
4
37
44
5
4
54
18
14
10
28
10
9
26
7
28
18
7
20
3
28
14
36
29
17
9
3
2
18
23
5
118
28
21
4
20
54
16
30
29
3
21
8
31
40
4
5
9
25
37
26
9
33
14
4
28
17
15
6
14
9
3
10
4
3
38
23
41
8
1
15
35
31
1
1
2
10
34
8
22
18
36
5
13
32
9
12
16
10
59
6
18
2
14
15
22
1
90
31
14
9
24
65
2
6
8
7
9
11
9
2
63
2
34
2
65
28
6
4
46
4
31
6
18
37
3
13
52
18
61
49
27
1
15
22
14
39
6
9
31
19
2
12
21
36
11
38
61
3
7
41
34
21
18
12
20
57
59
20
7
3
29
13
11
25
23
13
3
11
3
11
13
2
17
34
20
8
30
1
8
9
8
12
6
42
27
3
11
20
26
34
30
29
35
18
25
6
32
31
10
35
9
1
9
10
15
25
4
1
2
23
31
20
45
18
5
15
38
8
25
4
30
3
63
6
8
1
37
48
34
16
36
20
10
9
12
26
7
16
52
108
27
5
49
33
9
5
45
4
1
41
2
4
11
12
33
21
5
6
16
19
3
18
16
30
45
43
41
5
7
16
6
10
32
12
9
24
16
12
42
39
40
12
2
9
13
61
5
90
42
3
43
41
1
4
10
57
10
17
3
5
42
20
5
4
33
65
1
19
12
1
4
22
2
4
17
1
22
1
7
19
61
18
14
8
34
2
59
13
22
49
17
3
15
8
1
2
10
12
8
5
11
4
2
46
13
1
35
8
35
13
10
12
12
20
19
42
15
20
17
26
44
7
63
2
4
2
12
12
67
14
37
41
68
18
33
4
6
87
10
3
20
6
38
1
2
11
1
7
8
8
21
2
20
8
22
26
3
15
4
10
15
49
24
1
26
29
1
20
8
13
13
4
66
14
41
11
27
10
16
1
1
39
7
3
16
35
3
34
47
35
29
16
37
11
11
2
9
2
2
9
50
6
54
16
17
48
46
37
1
3
18
1
21
34
9
24
6
13
24
26
22
4
44
9
3
21
9
4
16
11
10
6
50
3
8
11
10
20
17
10
6
1
19
2
4
28
44
19
1
24
12
28
4
9
47
12
34
1
56
10
1
11
6
10
14
91
31
1
36
10
38
1
7
27
27
4
25
30
20
5
20
26
9
13
48
4
2
67
6
11
16
17
6
41
9
10
81
4
8
44
3
43
2
16
51
22
36
32
30
16
15
7
2
8
23
37
17
36
10
116
19
1
3
18
4
34
22
6
13
14
5
52
3
21
6
1
20
6
18
63
133
9
8
27
10
31
23
12
73
7
17
3
45
10
7
31
15
1
5
2
53
21
51
17
10
2
10
5
20
1
19
5
5
2
22
58
25
13
11
6
67
17
1
35
4
30
12
3
32
14
16
26
6
16
22
37
17
5
2
27
22
35
34
5
3
12
85
3
2
61
37
125
24
20
32
7
51
9
1
10
9
1
167
10
33
1
11
22
5
53
18
8
14
9
1
64
24
30
1
54
12
27
10
29
6
3
22
11
4
71
5
3
26
33
20
31
17
65
30
4
7
39
20
10
4
26
10
79
6
2
3
3
17
19
60
28
10
7
5
13
19
31
18
18
15
4
2
2
30
19
18
19
35
1
10
18
10
4
9
40
16
19
15
5
7
9
3
7
7
30
14
7
3
1
11
14
22
3
3
25
16
6
50
9
20
36
28
4
25
41
1
3
4
7
15
3
34
2
3
11
75
7
4
9
1
5
9
3
4
4
4
35
13
43
22
15
42
23
4
17
42
43
16
14
33
39
9
24
29
53
17
1
46
35
6
54
8
58
5
55
9
8
13
4
6
47
17
61
1
7
49
16
69
8
10
4
7
19
4
10
4
5
114
24
10
11
76
1
18
4
13
21
20
30
11
14
19
3
15
32
22
35
8
24
29
9
56
38
2
54
3
6
10
9
6
36
3
14
5
4
24
1
12
10
3
8
27
16
3
37
9
32
35
20
6
9
11
11
26
14
24
3
9
10
6
51
2
6
13
11
11
17
16
10
11
5
26
2
3
1
21
9
3
13
20
6
2
10
26
7
19
38
23
57
2
11
5
7
21
2
15
26
6
8
24
28
19
7
50
67
5
12
23
2
11
15
9
24
6
20
30
24
34
74
3
19
12
5
9
3
8
22
16
1
51
23
53
15
30
27
18
21
2
18
40
6
17
30
6
29
27
3
19
25
60
7
11
41
67
9
23
6
6
24
8
2
11
22
12
4
24
6
8
7
15
1
44
18
52
5
22
6
1
20
52
10
13
5
39
29
29
1
30
17
20
26
44
16
11
9
38
22
1
34
16
11
25
33
7
6
12
1
34
16
14
20
42
17
29
11
2
28
33
36
14
3
38
11
4
17
36
28
51
3
2
2
6
27
19
67
13
13
70
35
1
6
3
3
5
46
26
13
9
2
17
15
18
57
7
12
20
10
20
10
30
18
21
27
28
18
22
113
17
22
15
22
6
8
3
71
9
7
83
16
10
42
7
22
35
1
5
5
57
15
20
27
24
4
14
17
2
1
36
12
3
51
11
8
25
13
17
7
4
2
13
6
23
37
4
22
25
6
22
3
20
5
3
18
4
19
19
30
8
11
4
35
27
42
29
20
48
29
13
5
21
2
15
13
63
6
51
8
10
2
9
12
1
15
2
12
5
30
20
2
11
26
24
25
8
29
7
10
11
1
8
8
52
43
10
23
49
65
1
6
51
8
49
30
18
21
4
36
15
89
6
1
20
12
16
11
20
2
11
16
32
2
2
16
10
1
3
2
18
18
14
51
41
45
4
5
13
13
17
1
8
13
13
16
18
45
23
11
21
1
14
7
18
45
11
21
41
3
21
2
5
80
137
18
1
20
90
77
25
21
4
8
71
46
2
33
11
10
1
54
30
1
7
17
25
2
37
7
20
2
34
3
36
20
7
1
4
10
16
28
8
2
8
54
9
37
31
7
43
9
15
30
20
7
18
10
10
5
20
30
1
6
19
12
14
29
34
28
13
4
40
67
21
3
18
14
5
63
37
37
21
25
37
17
26
7
2
43
68
2
4
43
7
27
16
18
19
4
8
3
12
9
7
31
43
4
13
23
14
13
1
9
30
18
4
1
34
42
7
28
4
63
7
25
37
3
50
17
33
4
95
4
19
8
2
27
14
35
33
2
7
1
22
3
25
26
3
75
15
28
30
39
4
7
11
16
21
46
9
10
18
15
34
2
37
8
43
11
14
62
9
10
3
13
25
4
28
58
60
8
54
6
29
6
14
6
34
2
8
6
60
27
24
29
39
9
9
61
11
55
1
42
1
43
4
9
98
85
37
49
56
6
15
13
17
49
1
4
9
23
34
8
2
6
4
13
76
1
4
3
9
6
1
8
46
20
6
1
10
12
12
57
44
18
14
26
2
11
29
9
7
20
19
14
23
10
29
33
10
42
29
9
14
18
27
39
15
33
58
9
24
5
4
4
24
14
14
41
2
48
68
6
7
48
14
35
10
81
6
9
3
19
1
21
42
16
8
4
16
14
3
35
17
5
6
17
1
13
3
27
5
38
21
18
64
96
1
18
10
11
11
50
65
31
28
4
8
20
14
1
8
4
17
19
6
23
9
1
23
8
12
12
29
27
7
1
9
13
3
3
3
3
5
31
1
21
50
3
37
14
1
15
54
2
21
19
14
39
9
22
2
9
33
51
48
105
18
80
13
71
14
12
28
10
1
55
17
2
22
3
38
27
15
12
1
14
7
2
13
76
1
19
5
71
43
13
2
12
21
80
16
2
62
21
14
5
54
1
2
14
5
28
14
4
11
25
1
2
7
43
24
7
9
8
10
8
2
82
27
6
9
7
4
7
17
4
23
12
4
18
94
51
16
12
91
24
67
36
7
43
5
66
19
6
4
21
15
5
14
6
6
25
32
18
38
21
2
2
1
17
3
4
9
16
35
29
24
1
4
1
15
18
34
4
2
1
6
6
11
28
29
24
30
3
28
31
24
6
2
8
3
1
15
31
24
2
4
12
47
2
18
11
29
8
4
34
20
22
25
7
13
6
1
47
29
23
9
6
5
64
24
9
6
7
25
3
20
5
24
2
3
11
14
1
5
61
53
12
13
48
16
3
5
47
11
18
56
2
59
24
14
12
13
11
30
26
50
1
3
9
21
25
5
16
24
8
11
6
12
26
9
19
4
6
16
11
23
2
7
57
35
16
5
1
17
17
33
18
59
24
5
3
19
6
8
21
17
22
32
7
9
33
10
8
15
9
26
27
36
38
1
4
9
32
12
11
48
13
7
11
1
24
2
3
4
1
28
7
2
7
15
41
5
5
33
24
12
29
16
63
64
13
35
48
3
7
9
2
4
51
5
10
38
27
14
9
27
25
10
1
18
21
21
12
28
7
15
23
8
3
76
20
35
63
13
21
8
10
25
20
9
14
22
45
62
7
13
3
24
12
6
23
12
22
2
7
5
22
63
28
46
15
7
34
13
2
52
26
9
6
31
14
3
15
24
7
5
12
23
3
3
38
14
37
62
12
60
19
42
15
31
11
43
36
1
4
23
6
15
29
27
42
8
2
5
11
42
58
9
8
64
34
19
2
13
4
37
57
68
39
59
33
14
13
22
23
10
18
12
24
23
8
33
30
32
37
23
39
15
29
9
10
9
16
12
17
3
12
21
1
24
4
13
6
6
2
10
4
15
20
2
13
12
18
2
20
15
2
2
1
27
3
15
3
21
7
6
25
16
20
11
14
5
7
14
11
10
6
18
25
8
19
3
4
1
9
22
25
22
24
22
3
13
42
3
73
16
69
10
40
47
12
23
6
17
1
78
5
12
1
8
3
2
12
2
9
2
15
1
4
29
15
19
15
14
7
6
52
9
11
15
17
13
19
9
6
8
38
1
20
11
21
2
93
46
2
7
21
44
40
29
12
5
7
14
3
3
36
15
8
24
14
8
3
10
5
15
25
18
4
3
14
2
5
20
4
18
18
41
27
21
7
40
4
13
41
7
15
5
22
18
5
17
2
1
3
11
55
26
31
9
7
18
11
11
25
4
9
44
23
5
24
9
47
22
10
19
86
5
7
14
22
6
19
21
8
2
4
1
53
9
5
36
10
1
4
4
11
23
6
9
4
7
17
5
21
9
8
44
4
73
9
43
4
4
2
20
5
19
19
8
10
16
14
3
2
52
18
4
63
13
31
14
20
3
5
7
115
17
14
2
12
9
1
17
64
23
18
7
22
35
15
4
8
33
18
39
12
25
11
19
18
48
16
20
38
46
53
6
6
17
1
1
78
16
19
11
19
9
22
46
62
46
15
15
18
25
3
12
64
17
10
1
1
13
5
26
19
1
2
20
4
8
12
12
1
104
28
18
16
3
8
67
68
16
10
6
10
5
14
31
41
20
7
20
18
5
15
22
8
23
19
49
15
57
2
8
1
21
1
20
6
2
11
3
24
10
63
26
21
24
29
8
34
54
11
1
31
15
25
13
6
14
60
5
6
28
3
17
16
2
10
41
31
3
36
5
30
6
51
47
28
62
2
12
3
44
23
22
36
41
2
41
5
15
48
21
46
30
10
2
1
6
51
1
2
22
3
6
4
17
31
40
21
34
5
18
6
17
8
10
17
8
32
30
3
10
9
17
5
49
13
1
14
32
18
25
8
2
9
32
14
11
20
17
33
9
13
13
17
45
15
6
2
6
4
41
28
47
6
2
10
5
29
11
19
8
32
34
47
15
10
84
33
21
3
2
26
7
31
13
11
28
62
16
6
1
36
3
12
9
10
4
6
12
25
1
4
6
6
43
5
3
4
47
15
20
8
15
13
7
26
10
11
17
23
5
56
4
6
3
10
25
1
20
13
27
25
65
6
17
14
9
5
6
5
14
25
1
36
7
11
25
47
10
4
1
4
28
19
19
19
21
67
22
3
43
4
17
9
20
31
2
2
4
7
33
14
1
16
55
2
29
41
2
42
15
50
1
35
2
10
28
95
10
4
16
1
9
3
4
42
21
35