#bin	chrom	chromStart	chromEnd	name	score	strand	signalValue	pValue	qValue	peak
74	chr1	1310504	1311051	.	113	.	4.975	43.056	1.05868e-41	334
177	chr1	109968447	109969488	.	117	.	6.008	73.686	0	640
590	chr1	762507	763068	.	161	.	16.601	61.999	0	365
593	chr1	1174971	1175555	.	115	.	5.546	29.139	6.81914e-28	371
595	chr1	1342385	1343138	.	147	.	13.238	155.462	0	313
597	chr1	1655630	1656000	.	119	.	6.453	20.438	2.83587e-19	190
612	chr1	3663593	3664165	.	137	.	10.773	39.373	4.77562e-38	332
613	chr1	3712636	3713391	.	121	.	7.002	59.181	0	461
632	chr1	6259522	6259997	.	152	.	14.361	139.237	0	230
636	chr1	6761344	6762169	.	128	.	8.558	108.544	0	531
640	chr1	7315655	7316009	.	146	.	13.101	13.705	0.00000000000117645	183
641	chr1	7361028	7361731	.	126	.	8.258	31.702	1.96466e-30	188
643	chr1	7609069	7609653	.	211	.	28.779	102.72	0	323
643	chr1	7614327	7614719	.	139	.	11.315	17.736	1.31608e-16	163
646	chr1	8013882	8014570	.	111	.	4.41	25.761	1.5418e-24	389
664	chr1	10448158	10448684	.	130	.	9.034	14.174	0.000000000000410609	165
664	chr1	10458644	10459282	.	118	.	6.283	61.129	0	292
665	chr1	10534728	10535523	.	147	.	13.311	129.23	0	242
671	chr1	11322654	11323048	.	115	.	5.543	19.482	2.48114e-18	208
675	chr1	11862610	11863625	.	131	.	9.279	79.363	0	224
678	chr1	12289780	12290243	.	154	.	15.005	103.994	0	243
708	chr1	16126550	16127253	.	121	.	6.865	43.272	6.48381e-42	256
717	chr1	17380347	17380785	.	108	.	3.784	13.429	0.00000000000218692	246
745	chr1	20987730	20988156	.	128	.	8.541	32.104	7.85341e-31	200
780	chr1	25559549	25559916	.	123	.	7.375	15.02	0.0000000000000609872	160
782	chr1	25877231	25877805	.	122	.	7.291	14.773	0.00000000000010691	397
797	chr1	27816950	27817354	.	111	.	4.458	13.917	0.000000000000729664	183
797	chr1	27896015	27896719	.	108	.	3.85	11.252	0.00000000029245	466
801	chr1	28414266	28415385	.	142	.	11.951	152.65	0	871
810	chr1	29508448	29508927	.	130	.	9.099	62.952	0	245
834	chr1	32687774	32688395	.	113	.	5.006	33.105	7.92753e-32	192
835	chr1	32859671	32860504	.	133	.	9.777	74.643	0	384
838	chr1	33282564	33283248	.	146	.	13.02	163.657	0	466
840	chr1	33502275	33502882	.	119	.	6.434	51.955	0	220
854	chr1	35324660	35325651	.	103	.	2.592	12.508	0.0000000000173985	794
859	chr1	36022554	36023566	.	123	.	7.317	111.456	0	727
861	chr1	36235572	36236005	.	109	.	3.93	14.429	0.000000000000231568	249
866	chr1	36929692	36930252	.	159	.	16.233	166.561	0	319
875	chr1	38019289	38020150	.	145	.	12.695	110.28	0	638
889	chr1	39857741	39858119	.	210	.	28.451	23.775	1.41067e-22	198
898	chr1	41067644	41067981	.	145	.	12.671	11.021	0.00000000048741	150
911	chr1	42800590	42801212	.	108	.	3.788	23.397	3.32768e-22	312
914	chr1	43123713	43124905	.	133	.	9.745	130.536	0	375
919	chr1	43855217	43855988	.	125	.	7.937	58.607	0	318
924	chr1	44435299	44436074	.	148	.	13.435	120.997	0	229
925	chr1	44678883	44679839	.	109	.	3.992	28.352	4.1305e-27	190
926	chr1	44820594	44821281	.	119	.	6.5	62.404	0	352
929	chr1	45097281	45097900	.	104	.	2.777	13.596	0.00000000000150163	319
931	chr1	45452053	45452646	.	142	.	12.1	138.069	0	296
941	chr1	46712758	46713664	.	132	.	9.531	108.595	0	585
952	chr1	48109893	48110244	.	142	.	11.983	11.815	0.0000000000828295	159
982	chr1	52113925	52114314	.	127	.	8.483	16.509	0.00000000000000213925	192
993	chr1	53480343	53480798	.	427	.	80.954	152.757	0	220
1004	chr1	54953970	54954352	.	109	.	3.941	14.206	0.000000000000382467	196
1011	chr1	55886755	55887293	.	165	.	17.643	11.559	0.000000000146798	396
1037	chr1	59348746	59349409	.	126	.	8.144	14.646	0.000000000000142305	181
1054	chr1	61548052	61548466	.	115	.	5.397	15.968	0.00000000000000723804	197
1081	chr1	65111380	65111799	.	130	.	9.173	15.794	0.0000000000000107001	241
1181	chr1	78245074	78245727	.	162	.	16.895	126.836	0	251
1233	chr1	84944328	84945549	.	153	.	14.757	120.457	0	581
1283	chr1	91586718	91587358	.	157	.	15.722	29.291	4.83849e-28	383
1310	chr1	95111979	95112385	.	138	.	11.146	11.086	0.000000000421542	117
1313	chr1	95538063	95538850	.	149	.	13.759	134.902	0	444
1358	chr1	101360328	101361849	.	105	.	3.061	18.5	2.32186e-17	452
1421	chr1	109633006	109633610	.	148	.	13.535	165.393	0	332
1431	chr1	110949816	110950634	.	108	.	3.873	28.837	1.36315e-27	198
1435	chr1	111506429	111507176	.	108	.	3.659	23.72	1.59721e-22	422
1458	chr1	114447166	114448314	.	115	.	5.52	85.346	0	738
1458	chr1	114471737	114472424	.	120	.	6.671	61.826	0	494
1695	chr1	145507341	145508173	.	151	.	14.159	111.827	0	255
1708	chr1	147323259	147323680	.	387	.	71.306	55.849	0	227
1728	chr1	149870669	149871348	.	107	.	3.475	14.73	0.000000000000117603	461
1728	chr1	149899235	149900289	.	121	.	6.992	92.627	0	468
1736	chr1	150898598	150899068	.	147	.	13.14	69.417	0	228
1738	chr1	151137667	151138719	.	114	.	5.185	54.24	0	342
1738	chr1	151162178	151162930	.	150	.	13.881	175.565	0	530
1739	chr1	151371783	151372187	.	114	.	5.211	20.674	1.66584e-19	210
1741	chr1	151542298	151542606	.	131	.	9.239	11.944	0.0000000000620328	167
1743	chr1	151804173	151805354	.	130	.	9.04	144.911	0	206
1759	chr1	153930894	153931421	.	111	.	4.61	34.019	9.88155e-33	298
1765	chr1	154767095	154767435	.	138	.	11.146	15.326	0.0000000000000308057	166
1767	chr1	154946155	154947658	.	111	.	4.461	43.245	6.88738e-42	733
1768	chr1	155178239	155179510	.	114	.	5.348	68.261	0	798
1774	chr1	155904011	155904613	.	162	.	16.889	136.812	0	326
1776	chr1	156163497	156163995	.	108	.	3.788	23.397	3.33171e-22	239
1777	chr1	156251864	156252228	.	124	.	7.685	21.944	9.12374e-21	197
1778	chr1	156426222	156427365	.	103	.	2.575	20.231	4.52657e-19	836
1780	chr1	156718229	156718929	.	115	.	5.565	25.908	1.10624e-24	377
1780	chr1	156721427	156722163	.	130	.	9.218	109.549	0	272
1791	chr1	158119126	158120002	.	109	.	4.05	12.041	0.0000000000498138	543
1803	chr1	159722006	159722388	.	125	.	7.978	11.912	0.0000000000666174	183
1813	chr1	161014753	161015837	.	111	.	4.616	43.503	3.84376e-42	325
1814	chr1	161102443	161103157	.	135	.	10.334	86.762	0	439
1814	chr1	161171817	161172407	.	112	.	4.662	37.207	6.70177e-36	211
1821	chr1	162106539	162106962	.	117	.	6.034	11.157	0.000000000360121	178
1825	chr1	162602592	162602953	.	152	.	14.548	13.149	0.00000000000411429	171
1849	chr1	165737541	165738619	.	149	.	13.746	163.28	0	598
1867	chr1	168147806	168148755	.	121	.	6.929	79.293	0	308
1868	chr1	168271020	168271557	.	124	.	7.699	17.99	7.41817e-17	325
1876	chr1	169336855	169337923	.	141	.	11.683	139.914	0	516
1895	chr1	171711002	171711876	.	134	.	10.093	134.075	0	255
1895	chr1	171750389	171751186	.	105	.	3.076	17.887	9.35427e-17	346
1900	chr1	172412911	172413666	.	133	.	9.754	102.908	0	300
1910	chr1	173683792	173684263	.	136	.	10.587	72.884	0	234
1911	chr1	173836777	173837829	.	113	.	5.084	55.849	0	712
1943	chr1	178062315	178063052	.	171	.	19.124	147.887	0	479
1946	chr1	178505810	178507090	.	107	.	3.572	20.385	3.19311e-19	1046
1997	chr1	185125975	185126629	.	110	.	4.318	41.12	8.87173e-40	274
1998	chr1	185286535	185287149	.	108	.	3.807	16.793	0.00000000000000112599	206
2114	chr1	200411695	200412216	.	128	.	8.565	13.162	0.00000000000399634	369
2125	chr1	201924334	201924873	.	116	.	5.749	62.593	0	241
2127	chr1	202124338	202124964	.	112	.	4.628	17.752	1.27113e-16	443
2128	chr1	202310802	202311372	.	110	.	4.247	29.343	4.31031e-28	325
2128	chr1	202317425	202318496	.	115	.	5.409	62.558	0	198
2140	chr1	203830481	203831367	.	117	.	6.068	70.308	0	210
2165	chr1	207097070	207098091	.	104	.	2.911	15.131	0.0000000000000477205	565
2166	chr1	207326157	207326824	.	204	.	26.926	111.308	0	241
2201	chr1	211848812	211849581	.	133	.	9.817	122.534	0	453
2211	chr1	213224207	213225083	.	144	.	12.515	129.351	0	365
2284	chr1	222762968	222763635	.	217	.	30.113	114.437	0	322
2285	chr1	222885971	222886828	.	131	.	9.335	100.132	0	632
2312	chr1	226374219	226374777	.	115	.	5.539	40.321	5.47293e-39	224
2313	chr1	226496030	226496452	.	109	.	4.072	13.512	0.0000000000018158	225
2337	chr1	229694674	229695087	.	110	.	4.346	30.604	2.41331e-29	207
2337	chr1	229761694	229762093	.	133	.	9.867	61.095	0	193
2363	chr1	233085800	233086325	.	115	.	5.445	24.997	8.76133e-24	209
2381	chr1	235492014	235492562	.	120	.	6.692	23.999	8.46362e-23	207
2392	chr1	236958183	236958661	.	110	.	4.264	17.523	2.13363e-16	196
2467	chr1	246729144	246730171	.	112	.	4.853	60.94	0	422
100	chr2	29227496	29229375	.	116	.	5.663	16.517	0.00000000000000210231	278
597	chr2	1599048	1601192	.	103	.	2.529	11.059	0.000000000447576	388
610	chr2	3380956	3382244	.	113	.	5.006	47.723	0	223
610	chr2	3383187	3384046	.	104	.	2.787	13.764	0.00000000000103058	252
660	chr2	9843569	9844207	.	105	.	3.064	11.112	0.000000000398837	386
675	chr2	11820045	11820908	.	123	.	7.294	48.867	0	614
770	chr2	24298889	24299445	.	135	.	10.282	71.912	0	345
787	chr2	26568361	26569114	.	129	.	8.775	113.438	0	357
790	chr2	26958816	26959392	.	109	.	4.055	14.596	0.00000000000015865	324
795	chr2	27603072	27603936	.	113	.	4.992	42.863	1.64526e-41	657
797	chr2	27886173	27887003	.	131	.	9.343	79.363	0	536
798	chr2	27994274	27995017	.	142	.	12.05	157.954	0	319
799	chr2	28112815	28113797	.	110	.	4.29	42.8	1.89554e-41	440
833	chr2	32581685	32582501	.	104	.	2.781	18.025	6.85103e-17	563
870	chr2	37423476	37424323	.	106	.	3.185	19.893	9.75898e-19	317
876	chr2	38152441	38152987	.	117	.	5.953	52.73	0	221
883	chr2	39102596	39103592	.	135	.	10.433	150.176	0	496
885	chr2	39351058	39352058	.	120	.	6.791	84.83	0	522
887	chr2	39665077	39665499	.	114	.	5.315	13.784	0.000000000000985059	199
893	chr2	40465369	40465740	.	202	.	26.506	11.096	0.000000000413494	182
915	chr2	43333919	43334300	.	134	.	10.057	16.481	0.00000000000000227713	195
919	chr2	43822685	43823644	.	127	.	8.462	103.575	0	523
920	chr2	44001066	44001737	.	110	.	4.265	17.741	1.30237e-16	479
922	chr2	44222928	44223674	.	117	.	6.045	65.289	0	471
923	chr2	44394743	44395647	.	127	.	8.441	68.675	0	219
923	chr2	44396632	44397052	.	129	.	8.752	28.036	8.50468e-27	223
997	chr2	54013488	54014939	.	117	.	5.968	77.066	0	644
1029	chr2	58274039	58274699	.	119	.	6.549	43.318	5.85322e-42	386
1052	chr2	61244074	61245177	.	195	.	24.754	281.729	0	680
1056	chr2	61856916	61857304	.	139	.	11.314	17.209	4.36496e-16	192
1071	chr2	63815203	63816548	.	137	.	10.769	161.456	0	510
1113	chr2	69240167	69241082	.	132	.	9.489	104.306	0	309
1117	chr2	69766205	69766743	.	150	.	13.88	44.159	8.56193e-43	285
1121	chr2	70313963	70315040	.	124	.	7.739	83.718	0	587
1123	chr2	70528127	70528752	.	114	.	5.285	32.003	9.88093e-31	321
1124	chr2	70758598	70758947	.	163	.	17.005	14.808	0.0000000000000989061	158
1145	chr2	73441084	73441916	.	116	.	5.713	53.731	0	277
1149	chr2	73964024	73964847	.	153	.	14.596	111.615	0	525
1154	chr2	74681879	74682415	.	146	.	12.952	123.58	0	249
1154	chr2	74699257	74700099	.	144	.	12.422	169.126	0	551
1154	chr2	74709678	74710659	.	123	.	7.479	99.355	0	534
1244	chr2	86421950	86423259	.	116	.	5.601	82.698	0	802
1324	chr2	96931673	96932409	.	107	.	3.639	31.866	1.3526e-30	256
1324	chr2	96970940	96971752	.	125	.	7.83	82.759	0	355
1326	chr2	97222555	97223184	.	126	.	8.171	50.646	0	279
1346	chr2	99797320	99797902	.	121	.	7.045	52.56	0	290
1354	chr2	100794610	100794988	.	135	.	10.224	13.234	0.00000000000340018	194
1360	chr2	101618289	101619277	.	117	.	5.971	80.283	0	421
1393	chr2	105953496	105954150	.	153	.	14.78	137.804	0	264
1417	chr2	109065018	109065837	.	112	.	4.638	31.697	1.98455e-30	616
1630	chr2	136971407	136971804	.	200	.	26.049	24.343	3.87606e-23	198
1720	chr2	148777781	148778721	.	122	.	7.28	54.141	0	710
1728	chr2	149913079	149913419	.	231	.	33.496	11.096	0.000000000412873	143
1738	chr2	151233154	151233517	.	155	.	15.261	12.887	0.00000000000740255	181
1746	chr2	152266129	152266647	.	186	.	22.733	127.739	0	223
1756	chr2	153573407	153575134	.	113	.	4.928	65.433	0	553
1808	chr2	160372926	160373322	.	135	.	10.393	15.378	0.0000000000000274076	193
1821	chr2	162016334	162017518	.	115	.	5.358	37.994	1.11014e-36	609
1822	chr2	162164731	162165325	.	142	.	11.993	86.349	0	210
1885	chr2	170429881	170430589	.	110	.	4.21	12.223	0.0000000000330238	514
1922	chr2	175260091	175260695	.	127	.	8.354	44.288	6.37591e-43	355
1928	chr2	176046357	176046737	.	121	.	6.929	12.825	0.0000000000085102	183
1944	chr2	178257134	178257914	.	105	.	3.173	17.182	4.63541e-16	330
1946	chr2	178483276	178483861	.	116	.	5.649	37.15	7.6297e-36	269
2014	chr2	187350573	187351536	.	110	.	4.156	25.992	9.12889e-25	367
2091	chr2	197466273	197466986	.	113	.	5.052	12.673	0.0000000000120068	524
2117	chr2	200820025	200820928	.	143	.	12.304	129.335	0	436
2126	chr2	202096904	202097316	.	155	.	15.085	46.099	9.80909e-45	198
2139	chr2	203776171	203776986	.	179	.	20.939	87.385	0	248
2142	chr2	204103374	204103923	.	122	.	7.258	53.896	0	246
2164	chr2	207024099	207024755	.	113	.	4.895	25.88	1.17838e-24	425
2180	chr2	209130526	209131128	.	183	.	21.981	127.529	0	323
2217	chr2	214016156	214016847	.	130	.	9.131	57.884	0	495
2259	chr2	219432787	219434011	.	127	.	8.446	113.431	0	740
2345	chr2	230786582	230787698	.	121	.	7.001	69.968	0	434
2348	chr2	231191624	231192121	.	129	.	8.841	22.605	2.03667e-21	276
2361	chr2	232825795	232826888	.	115	.	5.519	56.271	0	628
2366	chr2	233457559	233458210	.	130	.	9.195	11.178	0.000000000344159	471
2408	chr2	238968735	238969617	.	122	.	7.161	50.71	0	659
656	chr3	9404490	9405166	.	105	.	3.143	11.009	0.000000000500692	218
667	chr3	10803806	10804135	.	143	.	12.378	12.881	0.00000000000749929	179
681	chr3	12705366	12706051	.	136	.	10.511	148.258	0	318
683	chr3	12882678	12883501	.	119	.	6.528	52.194	0	398
693	chr3	14165636	14166642	.	116	.	5.707	69.833	0	285
697	chr3	14692896	14693417	.	123	.	7.525	44.329	5.81539e-43	229
700	chr3	15140141	15141361	.	130	.	9.186	151.948	0	542
702	chr3	15419474	15420088	.	178	.	20.654	132.009	0	374
771	chr3	24493064	24493548	.	116	.	5.725	11.743	0.0000000000973817	249
837	chr3	33137653	33138679	.	106	.	3.213	23.055	7.27857e-22	411
868	chr3	37217115	37218619	.	119	.	6.481	107.541	0	766
869	chr3	37284551	37285678	.	102	.	2.371	13.028	0.00000000000539067	639
883	chr3	39147812	39149527	.	113	.	5.013	75.446	0	1314
885	chr3	39424634	39425168	.	128	.	8.544	56.269	0	213
943	chr3	47017712	47018746	.	130	.	9.187	89.879	0	829
947	chr3	47516747	47517711	.	119	.	6.407	70.021	0	697
947	chr3	47554714	47555369	.	106	.	3.277	28.375	3.92275e-27	200
954	chr3	48481220	48481805	.	123	.	7.492	78.776	0	322
958	chr3	48955904	48956799	.	109	.	3.932	42.51	3.67042e-41	383
959	chr3	49141755	49142505	.	106	.	3.382	16.6	0.00000000000000174361	453
960	chr3	49195532	49195929	.	130	.	9.199	25.15	6.19913e-24	220
960	chr3	49203591	49204620	.	116	.	5.804	55.288	0	217
969	chr3	50387847	50388769	.	104	.	2.877	19.497	2.39954e-18	608
981	chr3	52029563	52030164	.	132	.	9.549	88.087	0	366
982	chr3	52095530	52095931	.	142	.	11.991	26.541	2.61291e-25	183
987	chr3	52739721	52740563	.	112	.	4.856	53.768	0	372
1004	chr3	54950818	54951128	.	171	.	19.028	15.913	0.00000000000000817522	155
1008	chr3	55521540	55522090	.	105	.	3	11.096	0.000000000413183	330
1024	chr3	57541548	57542109	.	106	.	3.289	17.873	9.65059e-17	241
1112	chr3	69192859	69193538	.	237	.	35.132	40.962	1.26782e-39	232
1257	chr3	88198668	88199371	.	147	.	13.289	110.877	0	372
1348	chr3	100119310	100120776	.	124	.	7.599	123.857	0	717
1450	chr3	113464663	113465679	.	107	.	3.423	28.394	3.75993e-27	427
1456	chr3	114215745	114216241	.	114	.	5.276	14.458	0.0000000000002172	286
1494	chr3	119216972	119217856	.	140	.	11.589	160.322	0	285
1495	chr3	119395662	119396537	.	173	.	19.551	162.903	0	318
1511	chr3	121468095	121469299	.	143	.	12.192	142.052	0	705
1518	chr3	122388235	122388601	.	125	.	7.779	12.161	0.0000000000379693	167
1533	chr3	124339441	124339790	.	131	.	9.233	17.071	5.97919e-16	157
1537	chr3	124847621	124848049	.	113	.	4.888	13.957	0.000000000000668986	236
1541	chr3	125314254	125314666	.	111	.	4.586	14.135	0.000000000000447192	197
1560	chr3	127842585	127843263	.	151	.	14.123	146.112	0	267
1568	chr3	128879754	128880491	.	138	.	11.16	94.332	0	334
1570	chr3	129118103	129118704	.	142	.	12.129	53.161	0	188
1645	chr3	139062630	139063566	.	144	.	12.529	107.603	0	197
1673	chr3	142720030	142721155	.	153	.	14.597	188.797	0	332
1731	chr3	150264206	150264935	.	124	.	7.74	123.53	0	340
1741	chr3	151629227	151629621	.	242	.	36.321	37.227	6.41022e-36	196
1744	chr3	152016245	152017257	.	118	.	6.088	24.236	4.93441e-23	344
1789	chr3	157827561	157828592	.	129	.	8.82	155.568	0	281
1793	chr3	158362041	158362762	.	153	.	14.738	175.813	0	257
1949	chr3	178865549	178866788	.	121	.	6.839	85.797	0	310
1960	chr3	180319376	180320407	.	150	.	13.902	134.631	0	546
1985	chr3	183602085	183603013	.	131	.	9.462	151.707	0	620
1988	chr3	184016611	184017005	.	108	.	3.696	15.601	0.0000000000000165749	190
1992	chr3	184524371	184524769	.	116	.	5.653	11.511	0.000000000163827	177
2016	chr3	187672843	187673589	.	128	.	8.68	14.174	0.000000000000410243	494
2059	chr3	193310772	193311306	.	104	.	2.797	15.082	0.0000000000000532201	217
2065	chr3	194047281	194048721	.	102	.	2.332	11.197	0.000000000330425	154
2065	chr3	194053263	194053894	.	115	.	5.555	17.517	2.15884e-16	469
2085	chr3	196669002	196670259	.	106	.	3.411	38.825	1.6675e-37	414
590	chr4	667840	668336	.	143	.	12.166	102.546	0	247
598	chr4	1722817	1723256	.	136	.	10.576	56.94	0	205
619	chr4	4543607	4544325	.	108	.	3.718	16.419	0.0000000000000026213	182
637	chr4	6910774	6911414	.	126	.	8.148	43.284	6.31845e-42	370
638	chr4	6988317	6989352	.	125	.	7.994	46.944	1.4013e-45	574
688	chr4	13628886	13629686	.	141	.	11.856	96.963	0	470
782	chr4	25915639	25916349	.	136	.	10.661	64.913	0	216
900	chr4	41348522	41349008	.	124	.	7.627	13.165	0.00000000000397218	332
904	chr4	41936890	41937877	.	137	.	10.779	90.914	0	259
905	chr4	41992342	41992791	.	114	.	5.191	15.068	0.0000000000000548609	175
950	chr4	47916471	47917070	.	139	.	11.193	65.395	0	332
957	chr4	48832857	48833618	.	120	.	6.788	44.858	1.73761e-43	225
1021	chr4	57276508	57276834	.	226	.	32.346	12.514	0.0000000000172019	175
1022	chr4	57333436	57334150	.	145	.	12.753	67.518	0	278
1225	chr4	83955818	83956460	.	190	.	23.593	161.941	0	378
1269	chr4	89744133	89744665	.	128	.	8.533	21.498	2.53011e-20	254
1354	chr4	100815144	100815815	.	153	.	14.8	73.293	0	442
1413	chr4	108641097	108641862	.	113	.	5.071	34.407	4.06246e-33	438
1420	chr4	109541422	109542016	.	162	.	16.965	76.83	0	298
1448	chr4	113152421	113153176	.	116	.	5.836	36.868	1.45141e-35	242
1529	chr4	123843549	123844710	.	137	.	10.756	98.091	0	666
1654	chr4	140222357	140223055	.	119	.	6.453	39.768	1.93274e-38	279
1664	chr4	141445035	141445825	.	117	.	5.992	39.997	1.14449e-38	315
1684	chr4	144105711	144106887	.	131	.	9.277	75.388	0	384
1744	chr4	152020453	152020967	.	132	.	9.573	81.935	0	250
1887	chr4	170678650	170679295	.	118	.	6.12	24.942	9.93161e-24	414
1993	chr4	184580220	184580672	.	122	.	7.121	31.432	3.6374e-30	194
2029	chr4	189376474	189376875	.	442	.	84.755	109.191	0	198
2039	chr4	190643229	190643910	.	112	.	4.825	20.117	5.86556e-19	469
2041	chr4	190861394	190862558	.	105	.	2.958	14.731	0.00000000000011744	596
588	chr5	443500	444088	.	102	.	2.392	12.378	0.0000000000233555	188
591	chr5	891974	893332	.	110	.	4.186	83.08	0	1006
593	chr5	1129875	1130200	.	117	.	6.028	15.533	0.0000000000000193656	159
598	chr5	1801151	1801927	.	109	.	3.901	48.024	0	360
610	chr5	3323618	3324496	.	111	.	4.475	12.641	0.0000000000129037	400
663	chr5	10250169	10250802	.	102	.	2.22	12.814	0.00000000000872127	264
696	chr5	14664383	14665277	.	101	.	2.17	17.442	2.56049e-16	406
796	chr5	27688796	27689191	.	136	.	10.662	17.519	2.15114e-16	179
825	chr5	31531786	31532967	.	115	.	5.555	97.574	0	548
828	chr5	31913599	31914251	.	117	.	5.87	16.109	0.00000000000000526236	224
832	chr5	32444375	32445095	.	108	.	3.828	48.536	0	418
839	chr5	33370253	33370768	.	140	.	11.61	19.615	1.83671e-18	276
887	chr5	39599763	39600139	.	141	.	11.861	19.326	3.53024e-18	206
896	chr5	40834984	40836410	.	114	.	5.144	107.596	0	410
904	chr5	41904044	41904736	.	102	.	2.443	19.247	4.22532e-18	273
970	chr5	50538326	50538642	.	329	.	57.363	16.523	0.00000000000000207556	154
988	chr5	52897432	52897784	.	225	.	32.214	21.721	1.51757e-20	173
995	chr5	53813274	53813697	.	153	.	14.575	86.637	0	204
1080	chr5	64919981	64921363	.	141	.	11.81	126.394	0	861
1081	chr5	65104689	65105054	.	276	.	44.359	29.504	2.98754e-28	189
1101	chr5	67715473	67715997	.	119	.	6.431	12.106	0.0000000000430266	174
1101	chr5	67720695	67721341	.	138	.	11.116	15.899	0.00000000000000843483	404
1178	chr5	77800606	77801277	.	118	.	6.177	11.393	0.00000000021398	409
1187	chr5	78907804	78908752	.	166	.	17.735	114.016	0	467
1189	chr5	79286520	79287598	.	120	.	6.656	47.97	0	554
1199	chr5	80597103	80597947	.	106	.	3.289	14.702	0.000000000000125319	302
1253	chr5	87564222	87565469	.	113	.	4.919	31.612	2.41011e-30	525
1293	chr5	92868048	92868506	.	142	.	11.965	20.407	3.03881e-19	188
1293	chr5	92918394	92919105	.	113	.	4.931	13.095	0.00000000000464334	504
1301	chr5	93953843	93954700	.	133	.	9.896	132.3	0	490
1308	chr5	94890231	94891264	.	127	.	8.368	96.92	0	513
1459	chr5	114597713	114598975	.	170	.	18.807	144.141	0	891
1462	chr5	114961183	114962017	.	139	.	11.31	99.355	0	611
1465	chr5	115420856	115421345	.	109	.	4.068	20.301	3.86575e-19	284
1510	chr5	121297324	121297797	.	138	.	10.936	70.187	0	229
1545	chr5	125936206	125937094	.	112	.	4.755	37.024	1.01818e-35	429
1605	chr5	133702618	133703152	.	151	.	14.09	117.678	0	277
1610	chr5	134469562	134470349	.	111	.	4.533	18.165	4.96838e-17	228
1634	chr5	137514161	137514980	.	158	.	15.787	133.301	0	479
1645	chr5	139022376	139022859	.	113	.	4.921	21.218	4.80987e-20	254
1653	chr5	140026760	140027675	.	108	.	3.7	17.965	7.84944e-17	619
1662	chr5	141211721	141212104	.	161	.	16.586	25.047	7.82838e-24	187
1680	chr5	143549796	143550548	.	153	.	14.718	156.165	0	432
1699	chr5	146111561	146111894	.	171	.	18.955	11.007	0.000000000501882	154
1719	chr5	148744991	148745385	.	121	.	6.812	10.989	0.000000000521571	198
1724	chr5	149379930	149380477	.	113	.	5.042	47.563	0	307
1725	chr5	149501534	149502067	.	120	.	6.577	25.106	6.85137e-24	337
1725	chr5	149543146	149543685	.	113	.	4.908	18.86	1.02227e-17	350
1728	chr5	149828657	149829792	.	133	.	9.891	128.628	0	697
1755	chr5	153417974	153419044	.	138	.	11.016	139.147	0	526
1784	chr5	157158210	157158813	.	110	.	4.253	16.464	0.00000000000000236566	188
1866	chr5	168027395	168027772	.	149	.	13.624	14.235	0.000000000000358725	188
1877	chr5	169398804	169399130	.	156	.	15.401	11.259	0.000000000287993	192
1892	chr5	171433497	171434153	.	115	.	5.529	61.618	0	377
1912	chr5	173962558	173962903	.	169	.	18.481	17.495	2.26867e-16	160
1929	chr5	176250113	176250634	.	115	.	5.416	22.218	4.90641e-21	290
1935	chr5	176981425	176981851	.	122	.	7.108	35.746	1.90139e-34	190
1935	chr5	177030965	177031382	.	138	.	11.001	25.765	1.52965e-24	226
1939	chr5	177580675	177581136	.	117	.	6.075	29.912	1.17747e-28	205
1953	chr5	179341145	179341549	.	146	.	13.032	20.661	1.71449e-19	199
590	chr6	692870	693461	.	138	.	10.976	121.669	0	276
609	chr6	3258968	3259391	.	118	.	6.162	37.707	2.13608e-36	199
615	chr6	4021285	4021709	.	109	.	3.979	22.034	7.44214e-21	216
664	chr6	10404656	10405452	.	124	.	7.69	86.277	0	229
688	chr6	13615299	13616007	.	121	.	6.985	100.096	0	231
689	chr6	13712234	13712634	.	113	.	5.09	22.939	9.46151e-22	193
712	chr6	16683956	16684320	.	121	.	6.872	12.106	0.0000000000429922	184
726	chr6	18503743	18504531	.	154	.	14.837	38.057	9.61773e-37	461
787	chr6	26538235	26538765	.	106	.	3.395	14.618	0.000000000000151365	334
817	chr6	30524273	30525368	.	108	.	3.845	53.336	0	751
826	chr6	31632812	31634139	.	112	.	4.802	69.743	0	915
828	chr6	31926659	31927515	.	126	.	8.088	116.425	0	425
829	chr6	32097826	32098524	.	153	.	14.679	103.381	0	389
836	chr6	32934997	32935542	.	113	.	4.98	12.25	0.0000000000310582	357
838	chr6	33239317	33240070	.	113	.	5.038	50.515	0	467
838	chr6	33256766	33257780	.	143	.	12.274	124.028	0	584
838	chr6	33290664	33291100	.	108	.	3.721	20.495	2.49838e-19	195
844	chr6	34039172	34041040	.	103	.	2.604	11.853	0.0000000000760099	514
857	chr6	35778677	35779518	.	109	.	3.949	14.631	0.000000000000147171	263
866	chr6	36853445	36854064	.	144	.	12.533	114.764	0	234
903	chr6	41747535	41747956	.	107	.	3.557	11.636	0.000000000123618	209
906	chr6	42185370	42185846	.	146	.	13.025	112.693	0	253
918	chr6	43655133	43655928	.	112	.	4.834	34.94	1.20339e-33	402
920	chr6	44021434	44022294	.	109	.	4.029	14.17	0.00000000000041367	668
984	chr6	52379260	52379693	.	112	.	4.752	16.269	0.00000000000000366595	236
1164	chr6	75953070	75953842	.	112	.	4.697	21.144	5.69022e-20	471
1230	chr6	84569095	84569725	.	108	.	3.666	13.064	0.00000000000497434	281
1258	chr6	88299515	88300090	.	118	.	6.311	55.237	0	294
1269	chr6	89672757	89673593	.	104	.	2.747	12.511	0.0000000000172928	586
1317	chr6	96025149	96026132	.	124	.	7.758	45.811	1.96182e-44	495
1346	chr6	99872718	99874058	.	142	.	11.972	131.967	0	513
1394	chr6	106057360	106057790	.	115	.	5.437	11.433	0.000000000195604	184
1413	chr6	108615831	108616951	.	104	.	2.707	15.012	0.0000000000000620633	774
1438	chr6	111804460	111804888	.	115	.	5.418	28.409	3.63722e-27	230
1476	chr6	116892149	116892751	.	144	.	12.425	158.783	0	364
1652	chr6	139977274	139977628	.	144	.	12.504	17.736	1.3147e-16	176
1699	chr6	146135874	146136611	.	109	.	4.089	16.499	0.00000000000000218687	197
1701	chr6	146284761	146285719	.	123	.	7.417	56.225	0	746
1791	chr6	158138023	158138677	.	113	.	5.09	11.607	0.000000000131949	446
1806	chr6	160147817	160148387	.	111	.	4.494	29.142	6.79078e-28	285
1807	chr6	160210745	160211926	.	110	.	4.354	31.025	9.2323e-30	687
1880	chr6	169852305	169852963	.	120	.	6.62	29.919	1.16027e-28	386
592	chr7	1014952	1015428	.	144	.	12.469	113.429	0	252
596	chr7	1543612	1544279	.	118	.	6.194	58.219	0	440
607	chr7	2903136	2903693	.	145	.	12.679	89.038	0	295
621	chr7	4814711	4815429	.	118	.	6.205	54.764	0	339
622	chr7	4946312	4946678	.	130	.	9.178	13.827	0.00000000000089376	175
627	chr7	5607452	5607839	.	153	.	14.742	23.084	6.81661e-22	193
630	chr7	5938091	5938498	.	187	.	22.906	39.391	4.58927e-38	236
631	chr7	6048466	6049155	.	103	.	2.68	11.621	0.000000000127863	381
631	chr7	6098516	6099001	.	111	.	4.412	23.02	7.87995e-22	286
634	chr7	6543210	6543792	.	108	.	3.787	13.602	0.00000000000148359	198
635	chr7	6616808	6617179	.	110	.	4.225	11.38	0.000000000219636	175
637	chr7	6865756	6866131	.	179	.	20.955	29.618	2.30743e-28	180
669	chr7	11012614	11013682	.	120	.	6.805	33.328	4.77907e-32	873
714	chr7	16955760	16956334	.	134	.	10.109	12.975	0.00000000000607509	282
759	chr7	22862290	22862707	.	109	.	4.064	14.801	0.00000000000010042	222
763	chr7	23338366	23339066	.	141	.	11.777	103.856	0	444
833	chr7	32529805	32530292	.	164	.	17.401	115.827	0	277
860	chr7	36088500	36088951	.	122	.	7.072	12.433	0.0000000000206276	179
887	chr7	39605702	39606320	.	113	.	5.037	29.508	2.96427e-28	275
887	chr7	39662900	39663839	.	119	.	6.423	67.819	0	249
922	chr7	44240311	44240737	.	139	.	11.277	86.105	0	207
925	chr7	44679354	44679896	.	173	.	19.477	65.121	0	265
926	chr7	44788132	44788563	.	143	.	12.178	45.717	2.38221e-44	236
951	chr7	48018817	48019538	.	149	.	13.783	70.801	0	477
1003	chr7	54884892	54885253	.	202	.	26.655	13.369	0.00000000000250449	158
1012	chr7	56074824	56075143	.	167	.	18.105	11.007	0.000000000502629	130
1013	chr7	56174107	56174587	.	119	.	6.347	18.62	1.76319e-17	251
1091	chr7	66385766	66386389	.	142	.	12.019	93.778	0	357
1139	chr7	72722452	72723064	.	114	.	5.339	25.181	5.77943e-24	378
1141	chr7	72936419	72937130	.	115	.	5.519	38.542	3.18903e-37	377
1142	chr7	73027134	73027556	.	164	.	17.235	65.849	0	228
1161	chr7	75622440	75623019	.	113	.	4.979	13.337	0.0000000000026937	248
1170	chr7	76751341	76751999	.	192	.	24.021	143.963	0	394
1285	chr7	91874582	91876347	.	142	.	12.07	137.271	0	665
1288	chr7	92157624	92158419	.	128	.	8.618	59.223	0	385
1329	chr7	97600847	97602035	.	166	.	17.736	118.596	0	847
1331	chr7	97880995	97881905	.	103	.	2.559	11.307	0.000000000258449	613
1340	chr7	99036241	99036688	.	157	.	15.543	117.683	0	228
1341	chr7	99102689	99103041	.	109	.	3.907	11.206	0.000000000323893	159
1345	chr7	99678696	99679630	.	145	.	12.824	142.13	0	692
1348	chr7	100102567	100102905	.	158	.	15.95	16.399	0.00000000000000273661	167
1353	chr7	100760764	100761189	.	121	.	7.041	14.038	0.000000000000557125	247
1366	chr7	102389136	102389691	.	135	.	10.405	38.106	8.60532e-37	248
1370	chr7	102937621	102938357	.	161	.	16.596	120.611	0	227
1370	chr7	102984462	102985473	.	120	.	6.569	32.608	2.47509e-31	792
1370	chr7	102987901	102988538	.	113	.	5.047	12.893	0.00000000000730706	181
1408	chr7	107886673	107887276	.	142	.	11.902	14.767	0.000000000000108297	228
1438	chr7	111847023	111847503	.	140	.	11.483	27.614	2.23825e-26	256
1459	chr7	114563118	114563570	.	119	.	6.512	12.982	0.00000000000598295	262
1474	chr7	116594114	116594674	.	179	.	21.025	100.48	0	332
1524	chr7	123197314	123198179	.	193	.	24.256	150.191	0	607
1554	chr7	127032210	127032984	.	118	.	6.211	47.063	1.4013e-45	585
1574	chr7	129709839	129710416	.	196	.	24.991	155.581	0	352
1575	chr7	129845009	129845527	.	128	.	8.684	46.219	8.40779e-45	319
1586	chr7	131271645	131272603	.	111	.	4.426	16.04	0.00000000000000615034	759
1599	chr7	132937483	132937996	.	142	.	12.026	54.489	0	221
1605	chr7	133811885	133812440	.	109	.	3.903	12.931	0.00000000000670603	182
1607	chr7	134049402	134049865	.	158	.	15.95	16.399	0.00000000000000273935	170
1613	chr7	134855080	134855892	.	109	.	4.03	22.223	4.85598e-21	596
1617	chr7	135346720	135347758	.	127	.	8.434	59.565	0	489
1620	chr7	135661437	135662360	.	141	.	11.867	81.572	0	678
1635	chr7	137684921	137685464	.	126	.	8.049	13.28	0.00000000000306365	325
1645	chr7	139024761	139025471	.	128	.	8.696	56.183	0	207
1649	chr7	139477735	139478144	.	156	.	15.329	54.962	0	198
1664	chr7	141437890	141438519	.	159	.	16.093	84.229	0	294
1687	chr7	144532798	144533440	.	152	.	14.518	107.875	0	323
1795	chr7	158648840	158649413	.	157	.	15.748	180.423	0	346
586	chr8	182211	182763	.	247	.	37.496	86.898	0	196
730	chr8	19041201	19041944	.	123	.	7.427	15.267	0.0000000000000350882	295
731	chr8	19202534	19202913	.	204	.	27.02	25.481	2.92271e-24	189
735	chr8	19674330	19675073	.	118	.	6.316	49.664	0	469
751	chr8	21867139	21868085	.	168	.	18.409	195.054	0	644
763	chr8	23396380	23397153	.	167	.	18.088	65.535	0	398
793	chr8	27381720	27382068	.	138	.	11.015	13.44	0.00000000000213405	154
804	chr8	28746985	28747975	.	125	.	7.827	50.5	0	421
813	chr8	30013642	30014461	.	145	.	12.728	98.88	0	206
908	chr8	42398229	42398627	.	141	.	11.874	33.74	1.86733e-32	187
910	chr8	42697856	42698794	.	132	.	9.655	94.642	0	633
1004	chr8	54934720	54935164	.	168	.	18.373	95.686	0	198
1019	chr8	56986749	56987565	.	150	.	13.979	146.654	0	381
1026	chr8	57905556	57906676	.	108	.	3.853	18.889	9.58308e-18	881
1074	chr8	64213263	64213625	.	241	.	36.108	13.654	0.00000000000131731	175
1098	chr8	67340952	67341705	.	150	.	13.839	144.757	0	293
1100	chr8	67578685	67579839	.	102	.	2.412	12.539	0.0000000000162662	211
1105	chr8	68254554	68255038	.	114	.	5.195	11.659	0.000000000117333	251
1154	chr8	74706080	74706388	.	250	.	38.218	13.084	0.00000000000475844	163
1156	chr8	74883896	74885000	.	132	.	9.547	105.337	0	576
1202	chr8	80941926	80942796	.	162	.	16.918	142.215	0	560
1241	chr8	86019055	86019491	.	114	.	5.287	18.342	3.32291e-17	244
1287	chr8	92082185	92082835	.	111	.	4.421	21.755	1.40493e-20	367
1314	chr8	95565307	95566056	.	126	.	8.102	46.239	7.00649e-45	447
1317	chr8	96036678	96037703	.	112	.	4.633	46.888	1.4013e-45	541
1359	chr8	101494395	101494822	.	123	.	7.31	12.538	0.0000000000162904	152
1390	chr8	105601309	105601947	.	187	.	22.838	167.423	0	228
1428	chr8	110551993	110552887	.	159	.	16.144	144.637	0	350
1483	chr8	117778483	117779358	.	150	.	14.036	173.782	0	250
1506	chr8	120844702	120845489	.	136	.	10.634	85.883	0	358
1531	chr8	124053671	124054744	.	106	.	3.362	25.706	1.7477e-24	207
1533	chr8	124285841	124287388	.	110	.	4.222	65.676	0	709
1540	chr8	125259290	125260038	.	116	.	5.722	17.619	1.71582e-16	329
1543	chr8	125633007	125633356	.	151	.	14.143	15.837	0.00000000000000971027	163
1543	chr8	125643189	125643714	.	122	.	7.093	14.283	0.000000000000322347	221
1563	chr8	128230669	128233899	.	100	.	1.841	18.802	1.16457e-17	583
1565	chr8	128519571	128520219	.	121	.	6.86	22.211	4.98025e-21	156
1567	chr8	128753858	128754652	.	109	.	4.089	11.38	0.000000000219804	190
1584	chr8	130951783	130952767	.	107	.	3.487	36.615	2.58679e-35	278
1670	chr8	142244874	142245912	.	113	.	4.935	35.65	2.36447e-34	582
1671	chr8	142379222	142379849	.	108	.	3.832	21.022	7.50978e-20	411
1682	chr8	143799468	143799859	.	123	.	7.399	22.436	2.98769e-21	194
1685	chr8	144204864	144206374	.	106	.	3.243	12.343	0.0000000000252746	386
1689	chr8	144816061	144816512	.	139	.	11.251	75.211	0	230
1691	chr8	145011595	145012224	.	128	.	8.531	49.855	0	432
1692	chr8	145133041	145133767	.	113	.	4.925	46.011	1.26117e-44	455
1696	chr8	145653556	145654203	.	137	.	10.724	113.467	0	383
626	chr9	5437643	5438182	.	117	.	6.015	25.27	4.72059e-24	343
627	chr9	5630008	5630574	.	165	.	17.492	31.482	3.24649e-30	371
712	chr9	16705210	16705632	.	193	.	24.422	39.017	1.07693e-37	228
724	chr9	18238263	18238620	.	206	.	27.405	15.468	0.000000000000022449	170
737	chr9	19998165	19998503	.	139	.	11.397	11.021	0.000000000487773	197
741	chr9	20511698	20512083	.	145	.	12.795	20.126	5.75169e-19	197
838	chr9	33165521	33166090	.	143	.	12.167	39.334	5.20722e-38	359
838	chr9	33186437	33186782	.	164	.	17.412	15.083	0.0000000000000531475	172
852	chr9	35102573	35103521	.	121	.	6.813	68.782	0	588
861	chr9	36258246	36258867	.	135	.	10.228	118.903	0	218
1137	chr9	72374338	72375327	.	119	.	6.349	56.423	0	670
1153	chr9	74525954	74527076	.	144	.	12.483	181.32	0	578
1350	chr9	100395580	100396097	.	115	.	5.578	51.432	0	301
1354	chr9	100904360	100905025	.	157	.	15.572	117.683	0	379
1372	chr9	103173804	103174548	.	108	.	3.749	13.881	0.000000000000791337	258
1427	chr9	110473737	110474080	.	124	.	7.621	11.17	0.000000000350028	144
1447	chr9	113018914	113019900	.	103	.	2.654	11.457	0.000000000185374	352
1470	chr9	116036784	116038099	.	108	.	3.789	24.462	2.95811e-23	1100
1477	chr9	116986129	116986477	.	140	.	11.608	11.285	0.000000000271672	163
1527	chr9	123492959	123493609	.	112	.	4.638	20.496	2.49547e-19	167
1543	chr9	125675110	125676030	.	176	.	20.285	238.598	0	500
1543	chr9	125693394	125694419	.	116	.	5.737	71.958	0	465
1551	chr9	126734050	126735723	.	114	.	5.276	20.448	2.77446e-19	311
1555	chr9	127176975	127178079	.	153	.	14.653	180.098	0	759
1558	chr9	127623622	127624641	.	113	.	5.01	75.034	0	631
1559	chr9	127702927	127703876	.	106	.	3.354	36.637	2.46284e-35	478
1561	chr9	128002950	128004460	.	107	.	3.545	52.954	0	953
1565	chr9	128468959	128469844	.	124	.	7.667	118.495	0	539
1573	chr9	129550956	129551287	.	132	.	9.497	13.571	0.00000000000158924	159
1573	chr9	129567044	129568533	.	119	.	6.467	108.88	0	239
1574	chr9	129748714	129749373	.	115	.	5.463	12.303	0.0000000000276458	344
1582	chr9	130764075	130764439	.	123	.	7.325	19.365	3.23408e-18	204
1587	chr9	131418863	131419484	.	108	.	3.688	32.23	5.89281e-31	224
1591	chr9	131945671	131946063	.	160	.	16.481	43.867	1.67175e-42	193
1593	chr9	132181770	132182181	.	142	.	11.901	40.404	4.53599e-39	197
1593	chr9	132251059	132251622	.	123	.	7.407	60.884	0	255
1594	chr9	132337277	132337807	.	118	.	6.137	16.171	0.00000000000000458032	179
1596	chr9	132586323	132586727	.	111	.	4.614	27.264	4.99074e-26	217
1598	chr9	132815833	132816450	.	114	.	5.325	59.07	0	317
1599	chr9	132968208	132968589	.	138	.	10.992	24.453	3.01629e-23	191
1601	chr9	133263329	133263683	.	131	.	9.322	19.539	2.18075e-18	164
1601	chr9	133283393	133284255	.	134	.	10.123	49.038	0	477
1606	chr9	133918128	133918452	.	149	.	13.624	13.956	0.000000000000669937	147
1610	chr9	134378122	134378610	.	138	.	11.127	116.62	0	226
1610	chr9	134406454	134406881	.	107	.	3.475	25.485	2.89965e-24	208
1612	chr9	134691309	134691701	.	158	.	15.961	52.577	0	198
1615	chr9	135026538	135026878	.	115	.	5.474	11.659	0.000000000117425	162
1617	chr9	135282003	135282447	.	134	.	10.108	68.233	0	233
1624	chr9	136202862	136203564	.	121	.	7.012	112.698	0	216
1624	chr9	136222869	136223565	.	121	.	6.979	46.554	4.2039e-45	497
1624	chr9	136282952	136283538	.	115	.	5.571	49.936	0	238
1629	chr9	136890314	136890739	.	139	.	11.25	116.341	0	206
1632	chr9	137346216	137347190	.	110	.	4.375	42.804	1.88138e-41	480
1633	chr9	137443341	137443839	.	110	.	4.252	15.836	0.00000000000000972321	272
1645	chr9	138985780	138986432	.	103	.	2.632	13.673	0.00000000000126202	401
1646	chr9	139137366	139137853	.	105	.	3.038	13.89	0.000000000000775786	309
1651	chr9	139776953	139777496	.	117	.	6.038	51.309	0	334
1651	chr9	139838850	139839504	.	118	.	6.253	82.702	0	342
1652	chr9	139917529	139918104	.	123	.	7.304	42.735	2.1978e-41	222
1656	chr9	140473009	140473780	.	123	.	7.357	120.145	0	378
1657	chr9	140512443	140513430	.	120	.	6.801	117.764	0	668
596	chrX	1511089	1511734	.	106	.	3.363	22.943	9.38601e-22	353
596	chrX	1571248	1572220	.	104	.	2.718	16.051	0.00000000000000600241	195
602	chrX	2303349	2303698	.	142	.	12.077	12.347	0.0000000000250632	169
604	chrX	2546754	2548237	.	147	.	13.212	29.752	1.69958e-28	240
604	chrX	2548485	2549466	.	192	.	24.222	34.414	4.00962e-33	179
604	chrX	2549815	2550867	.	145	.	12.72	18.251	4.08014e-17	1001
613	chrX	3732815	3733284	.	111	.	4.606	19.86	1.04944e-18	244
641	chrX	7433242	7433800	.	195	.	24.819	23.775	1.4124e-22	323
645	chrX	7895308	7896429	.	169	.	18.54	142.882	0	451
652	chrX	8836070	8836841	.	137	.	10.81	32.984	1.04592e-31	244
689	chrX	13687459	13687828	.	158	.	15.937	24.223	5.07807e-23	171
729	chrX	19002752	19003468	.	109	.	4.003	19.466	2.57144e-18	388
896	chrX	40869259	40869971	.	114	.	5.117	29.379	3.97843e-28	282
938	chrX	46306377	46307073	.	112	.	4.789	31.344	4.4417e-30	319
954	chrX	48455649	48456740	.	115	.	5.523	82.359	0	214
955	chrX	48595459	48596225	.	146	.	12.892	134.197	0	244
957	chrX	48815064	48815879	.	106	.	3.246	17.918	8.72817e-17	621
959	chrX	49091722	49092281	.	107	.	3.468	11.712	0.000000000104505	180
989	chrX	53024322	53025331	.	134	.	10.139	139.392	0	399
994	chrX	53710076	53711014	.	103	.	2.657	16.597	0.00000000000000175393	257
998	chrX	54208559	54209297	.	120	.	6.686	62.928	0	394
1000	chrX	54466500	54466982	.	164	.	17.257	134.444	0	256
1006	chrX	55187155	55188226	.	102	.	2.412	11.943	0.0000000000621264	300
1079	chrX	64754246	64755075	.	139	.	11.396	146.281	0	533
1114	chrX	69352940	69354446	.	133	.	9.847	103.892	0	830
1115	chrX	69509342	69510002	.	110	.	4.157	22.605	2.03424e-21	440
1373	chrX	103401328	103402186	.	111	.	4.424	16.038	0.00000000000000617266	614
1498	chrX	119738361	119738694	.	164	.	17.399	11.836	0.0000000000789819	165
1522	chrX	122866493	122867165	.	128	.	8.736	42.5	3.74945e-41	440
1572	chrX	129473660	129474106	.	130	.	9.016	33.536	2.978e-32	236
1573	chrX	129535651	129536142	.	110	.	4.222	11.588	0.000000000137636	266
1577	chrX	130036780	130037526	.	108	.	3.853	13.602	0.00000000000148231	523
1622	chrX	135962748	135963150	.	112	.	4.717	13.504	0.00000000000184797	205
1758	chrX	153775428	153776462	.	119	.	6.439	52.819	0	382
627	chr10	5530157	5530494	.	134	.	10.024	11.688	0.000000000110183	163
644	chr10	7860121	7860660	.	143	.	12.266	114.482	0	289
678	chr10	12237458	12238510	.	136	.	10.49	121.74	0	491
757	chr10	22605099	22606119	.	126	.	8.092	58.503	0	536
790	chr10	26986051	26987227	.	115	.	5.516	40.268	6.16272e-39	491
794	chr10	27442751	27443587	.	153	.	14.581	102.631	0	592
856	chr10	35625071	35625714	.	107	.	3.456	11.214	0.000000000318223	399
920	chr10	43950719	43951509	.	109	.	4.106	45.78	2.10195e-44	238
970	chr10	50543412	50543817	.	156	.	15.34	10.99	0.000000000521143	182
992	chr10	53459094	53459853	.	108	.	3.713	11.704	0.000000000106364	340
1070	chr10	63584759	63585128	.	166	.	17.946	16.399	0.00000000000000273388	190
1131	chr10	71567442	71567873	.	185	.	22.473	32.544	2.86389e-31	239
1131	chr10	71629217	71629713	.	170	.	18.73	56.915	0	226
1137	chr10	72475573	72475974	.	120	.	6.661	16.321	0.00000000000000326522	210
1157	chr10	75011991	75012747	.	123	.	7.514	85.27	0	469
1161	chr10	75503539	75504314	.	132	.	9.493	75.325	0	252
1161	chr10	75541575	75542234	.	119	.	6.501	58.567	0	222
1192	chr10	79669485	79670044	.	117	.	5.89	12.617	0.0000000000136144	218
1210	chr10	81923472	81924099	.	132	.	9.49	41.689	2.40978e-40	304
1210	chr10	81962883	81963713	.	109	.	4.119	16.705	0.00000000000000137471	189
1266	chr10	89264286	89265338	.	102	.	2.44	18.969	7.97949e-18	343
1268	chr10	89577548	89578283	.	110	.	4.288	40.909	1.42755e-39	436
1292	chr10	92690795	92691475	.	159	.	16.044	46.986	1.4013e-45	234
1297	chr10	93376983	93377452	.	153	.	14.612	51.422	0	253
1341	chr10	99185414	99186031	.	107	.	3.495	21.773	1.34946e-20	411
1359	chr10	101491461	101492131	.	126	.	8.259	105.446	0	395
1368	chr10	102746849	102748047	.	115	.	5.466	88.455	0	438
1373	chr10	103347429	103348316	.	120	.	6.589	104.908	0	594
1377	chr10	103815226	103816171	.	103	.	2.653	18.638	1.69524e-17	298
1377	chr10	103892210	103892917	.	104	.	2.88	14.67	0.000000000000134778	461
1379	chr10	104180409	104181259	.	118	.	6.083	88.345	0	370
1440	chr10	112155560	112155998	.	112	.	4.77	15.222	0.0000000000000388822	239
1461	chr10	114847198	114847597	.	111	.	4.462	11.362	0.000000000228404	191
1499	chr10	119806192	119806792	.	114	.	5.243	30.465	3.31428e-29	289
1538	chr10	124913488	124914092	.	121	.	6.808	60.686	0	278
1557	chr10	127511415	127512265	.	105	.	3.021	24.013	8.20523e-23	541
1591	chr10	131908961	131909825	.	118	.	6.317	83.97	0	248
1591	chr10	131934439	131934933	.	109	.	3.996	18.853	1.03776e-17	221
589	chr11	576164	576706	.	124	.	7.692	41.147	8.35121e-40	285
592	chr11	919046	919435	.	170	.	18.84	38.12	8.34569e-37	185
607	chr11	2919377	2920485	.	110	.	4.15	13.305	0.0000000000028972	740
607	chr11	2961945	2963033	.	107	.	3.528	14.008	0.000000000000595915	707
634	chr11	6502332	6502972	.	106	.	3.322	11.001	0.000000000508486	332
635	chr11	6624482	6625021	.	113	.	4.953	12.673	0.0000000000120167	372
646	chr11	8008488	8008919	.	134	.	10.067	38.416	4.24185e-37	213
651	chr11	8710256	8710785	.	132	.	9.676	93.299	0	246
653	chr11	8985616	8986905	.	121	.	7.03	101.554	0	442
665	chr11	10511591	10513063	.	123	.	7.412	52.424	0	374
667	chr11	10772382	10773461	.	135	.	10.355	139.839	0	343
676	chr11	12008917	12009330	.	210	.	28.374	55.844	0	206
678	chr11	12267009	12267497	.	114	.	5.238	16.609	0.00000000000000170958	212
680	chr11	12561780	12562202	.	235	.	34.616	46.114	9.80909e-45	237
693	chr11	14279749	14280200	.	181	.	21.573	25.423	3.33171e-24	189
695	chr11	14541290	14542311	.	147	.	13.252	164	0	644
726	chr11	18610192	18610646	.	121	.	7.028	26.268	4.87341e-25	245
827	chr11	31830190	31830626	.	122	.	7.173	25.539	2.56393e-24	206
827	chr11	31832589	31832995	.	108	.	3.762	12.328	0.0000000000261416	198
833	chr11	32605001	32605811	.	128	.	8.548	124.045	0	344
838	chr11	33182657	33183357	.	135	.	10.424	113.289	0	435
846	chr11	34330747	34331167	.	114	.	5.21	13.784	0.000000000000985919	262
849	chr11	34666221	34666597	.	153	.	14.735	22.004	7.96506e-21	196
857	chr11	35683754	35684632	.	110	.	4.219	38.395	4.44484e-37	538
915	chr11	43380232	43381356	.	103	.	2.473	12.718	0.0000000000108429	226
935	chr11	45938985	45940400	.	117	.	5.986	133.111	0	784
940	chr11	46615398	46615889	.	186	.	22.757	184.329	0	238
945	chr11	47270010	47270919	.	104	.	2.844	16.918	8.47829e-16	383
946	chr11	47377334	47379030	.	102	.	2.438	13.71	0.000000000001165	277
947	chr11	47490255	47490611	.	123	.	7.377	11.17	0.000000000349765	105
950	chr11	47879447	47879846	.	130	.	9.08	17.667	1.53949e-16	178
950	chr11	47891082	47891616	.	122	.	7.093	16.17	0.00000000000000458634	131
950	chr11	47959620	47960256	.	109	.	4.021	13.95	0.000000000000678658	218
1023	chr11	57479358	57480486	.	121	.	6.884	72.922	0	632
1030	chr11	58345175	58346516	.	130	.	9.207	104.232	0	528
1037	chr11	59333253	59333928	.	119	.	6.489	40.394	4.63389e-39	349
1038	chr11	59382204	59383609	.	122	.	7.258	89.178	0	549
1061	chr11	62413706	62414298	.	108	.	3.726	20.245	4.3879e-19	396
1061	chr11	62494699	62496529	.	120	.	6.702	152.842	0	1194
1062	chr11	62538703	62539476	.	105	.	3.074	16.146	0.00000000000000484214	390
1071	chr11	63706468	63707202	.	105	.	3.045	13.428	0.00000000000218822	482
1071	chr11	63753520	63754284	.	109	.	4.115	45.772	2.10195e-44	383
1073	chr11	64026860	64027502	.	112	.	4.749	20.1	6.07254e-19	240
1073	chr11	64037295	64038624	.	125	.	7.832	162.859	0	278
1073	chr11	64073354	64074022	.	108	.	3.698	20.495	2.49554e-19	285
1079	chr11	64765592	64766014	.	220	.	30.831	62.424	0	219
1079	chr11	64863370	64864287	.	126	.	8.177	115.136	0	274
1080	chr11	64884801	64885448	.	121	.	6.938	110.757	0	387
1082	chr11	65194486	65195262	.	110	.	4.292	14.136	0.000000000000446561	436
1083	chr11	65274218	65275356	.	111	.	4.473	24.294	4.32288e-23	939
1083	chr11	65318818	65319908	.	111	.	4.505	30.829	1.44364e-29	870
1083	chr11	65382341	65383392	.	167	.	18.056	274.792	0	452
1086	chr11	65728840	65729462	.	134	.	10.002	105.447	0	353
1086	chr11	65769408	65770471	.	137	.	10.91	148.451	0	286
1090	chr11	66205899	66206726	.	140	.	11.597	111.017	0	441
1097	chr11	67121937	67122543	.	110	.	4.363	20.483	2.56254e-19	214
1097	chr11	67236551	67237070	.	119	.	6.483	63.505	0	277
1098	chr11	67273449	67273871	.	103	.	2.643	11.229	0.000000000308121	249
1111	chr11	69020398	69020761	.	142	.	11.98	19.593	1.93002e-18	178
1111	chr11	69055176	69055839	.	126	.	8.163	32.704	1.99004e-31	426
1131	chr11	71639004	71640250	.	144	.	12.511	289.487	0	624
1131	chr11	71658624	71658941	.	146	.	12.938	11.815	0.0000000000827643	173
1132	chr11	71823223	71824079	.	160	.	16.329	195.147	0	511
1175	chr11	77348472	77349152	.	152	.	14.436	153.105	0	385
1177	chr11	77705616	77706335	.	113	.	5.1	43.974	1.30881e-42	444
1216	chr11	82782732	82783474	.	112	.	4.69	42.049	1.05553e-40	378
1241	chr11	86012984	86013748	.	260	.	40.677	231.012	0	300
1307	chr11	94706344	94707040	.	176	.	20.208	147.82	0	428
1370	chr11	102962602	102963210	.	122	.	7.253	42.491	3.82134e-41	313
1392	chr11	105892761	105893565	.	154	.	14.834	120.256	0	403
1439	chr11	111957292	111958022	.	167	.	18.008	106.796	0	285
1491	chr11	118788392	118789339	.	105	.	3.071	11.756	0.0000000000945842	259
1491	chr11	118868285	118869520	.	115	.	5.356	40.988	1.19821e-39	566
1492	chr11	118888774	118889561	.	153	.	14.775	149.773	0	315
1507	chr11	120894556	120895340	.	109	.	4.018	19.276	3.95668e-18	251
1547	chr11	126198690	126199340	.	144	.	12.484	29.208	5.84138e-28	360
1576	chr11	129993956	129994437	.	129	.	8.853	20.992	8.03762e-20	263
1582	chr11	130786172	130786611	.	121	.	6.81	18.395	2.94743e-17	223
1608	chr11	134123123	134123639	.	112	.	4.805	25.199	5.55188e-24	277
127	chr12	56753631	56754407	.	108	.	3.851	19.554	2.10903e-18	586
198	chr12	131727307	131727854	.	167	.	18.061	79.159	0	319
588	chr12	498311	499119	.	165	.	17.524	132.756	0	507
601	chr12	2113464	2113990	.	153	.	14.782	101.271	0	302
607	chr12	2921545	2922482	.	103	.	2.547	11.443	0.000000000191299	219
632	chr12	6289314	6289956	.	108	.	3.791	15.946	0.00000000000000759926	193
636	chr12	6772117	6772644	.	112	.	4.75	20.536	2.27849e-19	224
636	chr12	6797959	6799002	.	131	.	9.454	131.527	0	588
638	chr12	6961311	6961895	.	104	.	2.713	12.472	0.0000000000188713	322
639	chr12	7079116	7080157	.	107	.	3.447	20.815	1.2054e-19	218
655	chr12	9217015	9218395	.	105	.	3.144	25.807	1.39045e-24	663
679	chr12	12418683	12419246	.	118	.	6.319	13.858	0.000000000000833644	376
684	chr12	13024933	13025920	.	110	.	4.257	12.006	0.0000000000538656	197
685	chr12	13129372	13129755	.	205	.	27.195	26.131	6.65461e-25	192
758	chr12	22697231	22697811	.	131	.	9.335	80.71	0	336
778	chr12	25403689	25404139	.	143	.	12.298	79.72	0	236
801	chr12	28343108	28343910	.	113	.	4.97	38.387	4.52021e-37	265
827	chr12	31812013	31812785	.	107	.	3.54	12.252	0.0000000000309404	219
942	chr12	46864682	46865086	.	146	.	12.981	16.374	0.00000000000000289298	189
945	chr12	47302359	47302778	.	135	.	10.284	23.669	1.79404e-22	222
955	chr12	48499667	48500324	.	115	.	5.364	47.381	0	360
955	chr12	48550804	48551668	.	148	.	13.502	161.39	0	485
957	chr12	48834928	48835259	.	191	.	23.995	14.625	0.000000000000149082	171
966	chr12	49961291	49962476	.	126	.	8.066	140.691	0	647
972	chr12	50794321	50795066	.	145	.	12.712	124.867	0	261
977	chr12	51441567	51442599	.	111	.	4.425	40.716	2.2226e-39	461
993	chr12	53574145	53574964	.	117	.	6.047	96.19	0	326
994	chr12	53692997	53694037	.	125	.	7.985	141.737	0	471
995	chr12	53845484	53846415	.	133	.	9.772	136.371	0	298
1013	chr12	56223177	56224082	.	128	.	8.559	120.591	0	266
1014	chr12	56320853	56321971	.	104	.	2.705	14.263	0.000000000000337235	869
1015	chr12	56400749	56401391	.	177	.	20.58	165.488	0	371
1015	chr12	56435391	56436111	.	172	.	19.349	179.552	0	264
1016	chr12	56510019	56510547	.	109	.	3.934	13.134	0.00000000000425528	354
1016	chr12	56511725	56512308	.	119	.	6.386	55.797	0	259
1016	chr12	56545799	56546392	.	110	.	4.261	15.196	0.0000000000000412421	397
1020	chr12	57118706	57119475	.	133	.	9.953	119.545	0	439
1020	chr12	57146008	57146422	.	116	.	5.814	29.308	4.65917e-28	194
1030	chr12	58329732	58330188	.	141	.	11.771	77.063	0	232
1092	chr12	66563193	66564050	.	116	.	5.668	41.47	3.98322e-40	612
1101	chr12	67662204	67663643	.	111	.	4.484	40.509	3.5678e-39	853
1112	chr12	69080450	69081248	.	156	.	15.489	203.251	0	278
1118	chr12	69863910	69864790	.	133	.	9.888	103.328	0	228
1123	chr12	70636591	70638115	.	124	.	7.702	103.31	0	599
1164	chr12	75905055	75905765	.	212	.	28.934	163.544	0	368
1167	chr12	76371705	76372226	.	162	.	16.794	40.569	3.11265e-39	199
1216	chr12	82751996	82752558	.	164	.	17.253	162.052	0	248
1271	chr12	89919309	89920246	.	155	.	15.239	191.204	0	608
1299	chr12	93637811	93638224	.	131	.	9.441	12.201	0.0000000000346562	194
1299	chr12	93708243	93708727	.	126	.	8.191	20.594	1.9982e-19	254
1302	chr12	94070838	94071715	.	111	.	4.615	26.845	1.30099e-25	220
1313	chr12	95466572	95467647	.	123	.	7.317	90.525	0	762
1319	chr12	96252438	96253123	.	149	.	13.707	125.54	0	279
1367	chr12	102513469	102514692	.	138	.	10.944	111.325	0	419
1380	chr12	104323238	104324311	.	124	.	7.558	127.764	0	598
1402	chr12	107167758	107168711	.	110	.	4.263	40.071	9.6839e-39	249
1410	chr12	108154903	108155442	.	133	.	9.826	75.987	0	227
1419	chr12	109361921	109362286	.	197	.	25.417	15.75	0.0000000000000118066	190
1424	chr12	109979858	109980211	.	150	.	13.99	17.183	4.6295e-16	190
1425	chr12	110227478	110227835	.	134	.	10.14	11.866	0.0000000000739435	162
1426	chr12	110232870	110233340	.	233	.	33.941	51.87	0	193
1427	chr12	110486200	110486718	.	146	.	13.099	137.154	0	272
1434	chr12	111371842	111372240	.	143	.	12.307	15.301	0.0000000000000325691	214
1440	chr12	112123305	112124240	.	119	.	6.561	64.076	0	547
1449	chr12	113338180	113338552	.	119	.	6.386	14.258	0.000000000000340527	175
1452	chr12	113669091	113669602	.	115	.	5.573	12.112	0.0000000000424702	332
1452	chr12	113748279	113748688	.	201	.	26.405	43.84	1.77545e-42	216
1477	chr12	116930762	116931100	.	129	.	8.851	11.178	0.000000000344419	161
1487	chr12	118230748	118231437	.	120	.	6.627	11.393	0.000000000213815	332
1491	chr12	118810537	118811232	.	157	.	15.735	129.738	0	351
1491	chr12	118813991	118814550	.	114	.	5.339	38.629	2.61434e-37	288
1505	chr12	120632149	120633135	.	124	.	7.566	72.295	0	375
1518	chr12	122326212	122326792	.	139	.	11.202	124.288	0	327
1530	chr12	123868053	123868511	.	113	.	5.096	25.076	7.33203e-24	234
1589	chr12	131721923	131722294	.	115	.	5.442	11.659	0.000000000117516	183
1596	chr12	132640637	132641823	.	141	.	11.703	23.629	1.96234e-22	373
750	chr13	21714496	21715118	.	121	.	6.811	28.519	2.83107e-27	197
824	chr13	31416543	31417624	.	121	.	6.895	13.067	0.00000000000494424	325
837	chr13	33112748	33113306	.	121	.	6.813	16.412	0.00000000000000266122	239
904	chr13	41837327	41838176	.	279	.	45.315	183.534	0	374
936	chr13	46038704	46039684	.	164	.	17.39	107.499	0	304
966	chr13	50018058	50018761	.	123	.	7.51	35.361	4.59268e-34	430
967	chr13	50199526	50200076	.	113	.	4.92	14.599	0.000000000000157846	229
986	chr13	52586239	52586765	.	110	.	4.359	13.92	0.000000000000725278	304
1144	chr13	73301441	73302040	.	114	.	5.33	29.273	5.03631e-28	344
1144	chr13	73355641	73356435	.	105	.	3.152	11.191	0.000000000334768	410
1362	chr13	101910464	101910884	.	134	.	10.025	15.965	0.00000000000000728108	164
1425	chr13	110133418	110133816	.	125	.	7.969	19.35	3.34409e-18	173
1449	chr13	113343927	113344335	.	115	.	5.498	28.274	4.93646e-27	210
1455	chr13	114103326	114104047	.	108	.	3.897	22.05	7.18137e-21	417
1457	chr13	114301429	114302129	.	108	.	3.718	14.304	0.000000000000307408	325
110	chr14	39583222	39583826	.	112	.	4.803	13.518	0.00000000000179397	193
748	chr14	21457845	21458700	.	157	.	15.674	107.901	0	280
749	chr14	21571457	21572829	.	103	.	2.495	11.923	0.0000000000650028	991
751	chr14	21851650	21852733	.	120	.	6.753	66.095	0	544
752	chr14	21978994	21979787	.	122	.	7.097	40.036	1.04792e-38	583
762	chr14	23235667	23236579	.	104	.	2.83	11.389	0.000000000215461	194
773	chr14	24700790	24702400	.	131	.	9.398	108.655	0	1009
775	chr14	24911618	24912411	.	156	.	15.321	135.585	0	497
822	chr14	31091159	31091684	.	129	.	8.934	41.065	1.00524e-39	289
828	chr14	31889287	31890271	.	131	.	9.405	125.953	0	651
855	chr14	35451645	35452513	.	139	.	11.194	113.417	0	491
856	chr14	35591070	35592002	.	107	.	3.549	23.869	1.13891e-22	198
857	chr14	35761288	35762027	.	163	.	17.154	132.63	0	293
877	chr14	38343780	38344362	.	115	.	5.471	15.326	0.000000000000030835	356
931	chr14	45430902	45431814	.	161	.	16.609	164.026	0	423
1057	chr14	61943377	61943905	.	125	.	7.995	11.17	0.000000000350293	347
1095	chr14	66974085	66974978	.	121	.	6.995	71.202	0	518
1102	chr14	67826311	67827200	.	106	.	3.273	18.288	3.75887e-17	244
1111	chr14	69043275	69043643	.	137	.	10.697	17.78	1.19301e-16	188
1112	chr14	69086981	69087374	.	149	.	13.792	13.686	0.00000000000122799	147
1116	chr14	69618316	69618797	.	120	.	6.619	33.474	3.42987e-32	205
1116	chr14	69658002	69658681	.	129	.	8.946	61.093	0	208
1118	chr14	69864902	69865733	.	168	.	18.426	153.843	0	477
1125	chr14	70826149	70826717	.	175	.	20.004	120.71	0	326
1125	chr14	70883459	70884025	.	244	.	36.809	109.176	0	368
1152	chr14	74416585	74417321	.	112	.	4.868	32.639	2.30795e-31	333
1158	chr14	75179367	75180059	.	225	.	32.15	136.456	0	447
1159	chr14	75354867	75355182	.	129	.	8.908	11.688	0.000000000110011	177
1160	chr14	75469232	75470207	.	133	.	9.777	114.839	0	405
1161	chr14	75593296	75594175	.	125	.	8.017	105.236	0	482
1162	chr14	75642794	75643829	.	159	.	16.034	175.222	0	556
1179	chr14	77923557	77924464	.	110	.	4.173	23.88	1.11179e-22	505
1181	chr14	78173574	78174718	.	171	.	18.986	136.928	0	805
1210	chr14	81999629	82000667	.	116	.	5.733	33.808	1.59908e-32	730
1224	chr14	83773343	83773751	.	158	.	15.775	13.708	0.00000000000116936	191
1294	chr14	93007084	93007474	.	162	.	16.939	29.367	4.08422e-28	192
1314	chr14	95623669	95624469	.	113	.	4.99	32.054	8.79888e-31	259
1317	chr14	96000692	96001436	.	135	.	10.399	108.755	0	297
1355	chr14	101032889	101033756	.	122	.	7.139	42.621	2.85248e-41	628
1388	chr14	105330668	105331321	.	106	.	3.241	17.044	6.35619e-16	436
756	chr15	22526737	22528065	.	106	.	3.386	12.213	0.0000000000337387	522
823	chr15	31195770	31196342	.	137	.	10.83	125.386	0	278
848	chr15	34516925	34517502	.	114	.	5.34	17.89	9.29964e-17	216
893	chr15	40384579	40385611	.	109	.	3.981	22.237	4.7075e-21	352
900	chr15	41408328	41408938	.	139	.	11.277	173.317	0	335
952	chr15	48104862	48105677	.	201	.	26.343	71.611	0	265
955	chr15	48623153	48624236	.	111	.	4.457	51.014	0	458
988	chr15	52860795	52861649	.	108	.	3.871	39.196	7.14324e-38	564
1010	chr15	55790289	55790843	.	133	.	9.8	87.151	0	311
1040	chr15	59673161	59673518	.	116	.	5.674	12.617	0.0000000000136033	167
1042	chr15	59949283	59949946	.	115	.	5.433	55.815	0	447
1042	chr15	59980787	59981792	.	109	.	3.999	39.51	3.49509e-38	736
1049	chr15	60877937	60878313	.	230	.	33.374	31.777	1.65783e-30	171
1068	chr15	63413631	63414157	.	155	.	15.043	141.273	0	300
1078	chr15	64647554	64648777	.	129	.	8.878	142.106	0	879
1079	chr15	64858892	64859259	.	174	.	19.864	21.646	1.80154e-20	193
1084	chr15	65426017	65426406	.	109	.	4.019	15.87	0.00000000000000900853	194
1084	chr15	65477406	65478197	.	109	.	4.078	32.123	7.52818e-31	586
1087	chr15	65809396	65810241	.	108	.	3.666	37.737	1.99667e-36	633
1089	chr15	66161360	66161992	.	121	.	7.041	85.271	0	400
1097	chr15	67135260	67135882	.	110	.	4.196	18.804	1.16046e-17	187
1102	chr15	67834587	67835901	.	106	.	3.274	28.418	3.56746e-27	419
1105	chr15	68285256	68285617	.	120	.	6.675	11.867	0.0000000000738318	197
1119	chr15	70087016	70087776	.	121	.	6.848	34.776	1.75284e-33	528
1139	chr15	72667908	72668676	.	103	.	2.581	15.173	0.0000000000000433624	194
1156	chr15	74907930	74909181	.	102	.	2.275	16.208	0.00000000000000421459	405
1184	chr15	78591808	78592482	.	103	.	2.625	11.948	0.0000000000615129	336
1190	chr15	79318174	79318538	.	138	.	11.138	15.063	0.0000000000000554444	171
1214	chr15	82554305	82555452	.	110	.	4.259	36.495	3.40476e-35	791
1224	chr15	83781628	83782148	.	128	.	8.696	30.656	2.14401e-29	280
1234	chr15	85174465	85174898	.	107	.	3.636	14.364	0.000000000000268225	197
1235	chr15	85258897	85259843	.	121	.	6.964	101.198	0	498
1274	chr15	90436817	90437488	.	106	.	3.278	23.566	2.26593e-22	445
1297	chr15	93447304	93447852	.	105	.	3.11	16.686	0.00000000000000143328	206
1343	chr15	99433314	99433793	.	114	.	5.221	12.303	0.0000000000276234	195
1348	chr15	100023231	100023560	.	131	.	9.307	11.433	0.000000000195453	164
1350	chr15	100272697	100273716	.	107	.	3.488	24.58	2.26563e-23	651
1360	chr15	101643796	101644143	.	125	.	7.832	15.02	0.0000000000000610439	179
1361	chr15	101835024	101835948	.	108	.	3.707	52.534	0	515
1362	chr15	101874150	101874894	.	165	.	17.503	66.239	0	224
590	chr16	679492	680378	.	106	.	3.313	18.39	2.97839e-17	506
591	chr16	857394	858170	.	112	.	4.792	37.898	1.38037e-36	414
593	chr16	1132194	1132909	.	115	.	5.56	31.733	1.83195e-30	331
597	chr16	1701017	1702329	.	107	.	3.5	12.287	0.0000000000285907	284
602	chr16	2255200	2256224	.	121	.	7.021	97.52	0	256
604	chr16	2586189	2586759	.	112	.	4.673	14.775	0.000000000000106517	371
618	chr16	4400708	4401516	.	104	.	2.863	12.482	0.0000000000184568	608
621	chr16	4784000	4784513	.	131	.	9.348	77.761	0	291
652	chr16	8890957	8891820	.	115	.	5.57	37.959	1.2014e-36	554
657	chr16	9530982	9531337	.	370	.	67.247	23.48	2.75545e-22	181
677	chr16	12070049	12070721	.	123	.	7.513	51.199	0	439
683	chr16	12897408	12898024	.	141	.	11.717	53.426	0	421
691	chr16	14013560	14014411	.	127	.	8.301	78.969	0	456
707	chr16	16090440	16091010	.	120	.	6.739	13.221	0.00000000000349756	199
728	chr16	18801531	18802088	.	168	.	18.325	124.285	0	259
735	chr16	19728809	19730111	.	139	.	11.384	127.729	0	738
752	chr16	22018701	22019578	.	109	.	4.032	16.705	0.00000000000000137331	686
754	chr16	22201837	22202351	.	107	.	3.624	12.641	0.0000000000128931	187
765	chr16	23652328	23652970	.	153	.	14.574	154.531	0	388
773	chr16	24740658	24741160	.	150	.	13.887	68.143	0	297
776	chr16	25118021	25118698	.	114	.	5.113	30.842	1.40305e-29	428
776	chr16	25122640	25123261	.	119	.	6.466	33.861	1.41749e-32	302
792	chr16	27214418	27215216	.	149	.	13.722	159.816	0	393
808	chr16	29276754	29277106	.	135	.	10.284	11.086	0.000000000421857	183
816	chr16	30366323	30367204	.	137	.	10.9	103.646	0	322
816	chr16	30392290	30392948	.	134	.	10.168	17.585	1.85362e-16	547
818	chr16	30545838	30546518	.	108	.	3.789	21.065	6.80969e-20	424
818	chr16	30569510	30569962	.	147	.	13.113	88.286	0	228
818	chr16	30596916	30597272	.	111	.	4.394	11.362	0.000000000228229	171
818	chr16	30640040	30640433	.	161	.	16.671	33.873	1.38093e-32	177
819	chr16	30710288	30710926	.	144	.	12.417	105.484	0	323
821	chr16	30933648	30934754	.	138	.	11.091	164.33	0	306
822	chr16	31085093	31085825	.	106	.	3.174	11.374	0.00000000022252	471
822	chr16	31128733	31129192	.	151	.	14.13	86.575	0	230
822	chr16	31149839	31150356	.	110	.	4.33	19.848	1.07765e-18	234
943	chr16	47006506	47007954	.	110	.	4.359	34.603	2.60664e-33	1116
995	chr16	53760522	53760858	.	189	.	23.382	16.746	0.00000000000000125214	148
1015	chr16	56484968	56485560	.	113	.	4.897	24.802	1.36232e-23	306
1025	chr16	57728525	57728868	.	124	.	7.713	13.28	0.00000000000306105	159
1025	chr16	57768907	57769715	.	106	.	3.248	12.389	0.0000000000227899	334
1030	chr16	58426104	58426781	.	140	.	11.58	107.304	0	222
1101	chr16	67700484	67701176	.	124	.	7.557	59.907	0	198
1105	chr16	68271222	68271611	.	110	.	4.189	20.282	4.03409e-19	186
1105	chr16	68278699	68279473	.	130	.	9.184	97.891	0	383
1111	chr16	69073982	69074386	.	145	.	12.629	14.501	0.000000000000197083	185
1112	chr16	69166328	69167096	.	108	.	3.853	16.793	0.00000000000000112714	189
1124	chr16	70669242	70669576	.	134	.	10.067	11.688	0.000000000110097	197
1126	chr16	71020895	71021869	.	126	.	8.088	14.15	0.00000000000043278	249
1142	chr16	73098067	73098424	.	130	.	9.093	15.287	0.0000000000000335407	177
1152	chr16	74330108	74330974	.	116	.	5.71	45.098	9.94922e-44	316
1158	chr16	75142587	75143451	.	109	.	4.03	15.445	0.0000000000000236019	193
1162	chr16	75681137	75682001	.	117	.	5.994	64.66	0	459
1228	chr16	84300013	84300604	.	124	.	7.713	16.135	0.00000000000000496145	192
1233	chr16	85044556	85045540	.	122	.	7.081	50.352	0	593
1240	chr16	85950049	85950390	.	124	.	7.686	12.046	0.0000000000492828	193
1242	chr16	86136942	86137291	.	154	.	14.846	13.686	0.00000000000122692	189
1244	chr16	86420987	86421415	.	146	.	12.865	20.937	9.11231e-20	174
1244	chr16	86458607	86459110	.	134	.	10.023	34.111	8.01924e-33	262
1246	chr16	86701762	86702156	.	264	.	41.448	30.664	2.10786e-29	195
1268	chr16	89571755	89572441	.	152	.	14.329	105.976	0	303
1270	chr16	89785789	89786212	.	118	.	6.21	14.258	0.000000000000340833	241
592	chr17	970775	971213	.	160	.	16.493	43.04	1.09652e-41	236
597	chr17	1620320	1621083	.	109	.	4.116	13.099	0.00000000000460853	613
599	chr17	1933141	1933683	.	144	.	12.616	130.955	0	267
602	chr17	2239154	2240219	.	129	.	8.796	87.226	0	597
604	chr17	2614887	2615351	.	108	.	3.788	15.771	0.0000000000000112602	190
606	chr17	2863555	2864201	.	114	.	5.252	20.224	4.59496e-19	340
618	chr17	4396555	4396912	.	131	.	9.394	14.428	0.000000000000231891	178
619	chr17	4458344	4458906	.	115	.	5.549	30.233	5.63854e-29	339
625	chr17	5372174	5372603	.	129	.	8.765	33.62	2.45794e-32	233
633	chr17	6373924	6374391	.	115	.	5.408	16.194	0.00000000000000434836	210
640	chr17	7218482	7219031	.	141	.	11.76	82.369	0	230
642	chr17	7591445	7591880	.	112	.	4.796	18.621	1.76102e-17	180
644	chr17	7739957	7740366	.	112	.	4.83	16.283	0.00000000000000355671	198
658	chr17	9580135	9580500	.	130	.	9.005	15.194	0.0000000000000413934	194
690	chr17	13844500	13844916	.	361	.	65.035	35.901	1.33479e-34	228
707	chr17	16120284	16120737	.	148	.	13.42	53.999	0	199
720	chr17	17743544	17744752	.	109	.	4.002	35.083	8.68428e-34	224
721	chr17	17875709	17876354	.	113	.	4.914	19.698	1.51886e-18	426
723	chr17	18217899	18218983	.	107	.	3.64	26.325	4.28527e-25	695
734	chr17	19630305	19630678	.	140	.	11.524	11.866	0.000000000073885	178
783	chr17	25981478	25981950	.	113	.	4.962	13.758	0.00000000000104401	274
788	chr17	26662090	26662851	.	149	.	13.71	146.008	0	438
793	chr17	27278361	27279875	.	131	.	9.399	166.939	0	1072
794	chr17	27482170	27483363	.	110	.	4.315	24.495	2.74509e-23	440
843	chr17	33905194	33905872	.	131	.	9.326	75.132	0	416
850	chr17	34841968	34842659	.	174	.	19.851	167.093	0	428
859	chr17	35969195	35969724	.	117	.	6.022	36.769	1.82017e-35	290
865	chr17	36741422	36741914	.	123	.	7.484	24.164	5.80981e-23	274
867	chr17	37027532	37028181	.	120	.	6.688	31.357	4.31688e-30	365
873	chr17	37769095	37769547	.	119	.	6.431	14.096	0.000000000000488774	287
873	chr17	37843960	37844653	.	181	.	21.429	99.919	0	360
875	chr17	38082965	38083359	.	116	.	5.6	13.441	0.00000000000213096	195
875	chr17	38136562	38137298	.	150	.	13.905	148.711	0	443
892	chr17	40306841	40307271	.	108	.	3.696	13.853	0.00000000000084256	209
894	chr17	40559529	40559912	.	128	.	8.517	29.141	6.79711e-28	189
895	chr17	40713903	40714934	.	146	.	13.026	142.159	0	252
898	chr17	41150121	41150859	.	154	.	14.986	102.432	0	294
901	chr17	41438086	41438743	.	107	.	3.463	11.061	0.000000000445852	468
902	chr17	41560991	41561790	.	140	.	11.524	120.83	0	353
904	chr17	41868925	41869386	.	409	.	76.778	116.803	0	206
906	chr17	42092089	42092642	.	184	.	22.16	172.423	0	293
906	chr17	42147802	42148223	.	136	.	10.499	47.392	0	210
907	chr17	42219206	42219686	.	107	.	3.613	12.023	0.0000000000518391	185
907	chr17	42281769	42282187	.	151	.	14.272	33.229	5.98492e-32	233
907	chr17	42312954	42313361	.	122	.	7.15	15.298	0.0000000000000327328	152
909	chr17	42580717	42581266	.	153	.	14.584	94.33	0	321
910	chr17	42700737	42701068	.	225	.	32.156	22.581	2.14726e-21	184
935	chr17	45918064	45918930	.	109	.	3.957	24.584	2.24768e-23	590
935	chr17	45972925	45974068	.	127	.	8.359	88.576	0	377
937	chr17	46184671	46185453	.	119	.	6.436	43.376	5.13015e-42	476
954	chr17	48450212	48450827	.	149	.	13.73	94.984	0	359
957	chr17	48761911	48762469	.	111	.	4.48	15.192	0.0000000000000415453	354
957	chr17	48798892	48799244	.	143	.	12.219	19.06	6.48509e-18	158
960	chr17	49230633	49231041	.	108	.	3.827	15.099	0.0000000000000512731	220
1011	chr17	55927203	55927969	.	177	.	20.425	270.275	0	323
1015	chr17	56429351	56429806	.	118	.	6.081	33.143	7.27406e-32	215
1022	chr17	57287183	57287568	.	121	.	6.832	16.561	0.00000000000000190359	186
1025	chr17	57784372	57785489	.	134	.	9.989	87.669	0	444
1028	chr17	58155763	58157075	.	133	.	9.933	70.403	0	569
1029	chr17	58212908	58213414	.	173	.	19.511	142.228	0	247
1033	chr17	58754502	58755259	.	130	.	9.201	69.297	0	218
1056	chr17	61850918	61851585	.	153	.	14.67	114.606	0	275
1057	chr17	61903957	61905174	.	148	.	13.477	160.311	0	802
1057	chr17	61920007	61920818	.	148	.	13.497	120.501	0	545
1060	chr17	62340581	62341045	.	160	.	16.259	78.558	0	217
1077	chr17	64561148	64561535	.	177	.	20.474	19.424	2.82635e-18	192
1091	chr17	66379494	66379937	.	171	.	19.086	22.203	5.06686e-21	276
1128	chr17	71284730	71285350	.	110	.	4.21	15.62	0.0000000000000158806	367
1129	chr17	71336275	71336677	.	233	.	34.154	50.717	0	197
1130	chr17	71481323	71481695	.	160	.	16.259	19.903	9.54744e-19	180
1150	chr17	74178164	74178576	.	139	.	11.401	14.015	0.000000000000586906	193
1155	chr17	74733234	74734158	.	104	.	2.774	17.218	4.27984e-16	231
1159	chr17	75315451	75315859	.	110	.	4.372	14.553	0.000000000000175003	218
1165	chr17	76123224	76123695	.	111	.	4.585	11.362	0.000000000228579	211
1188	chr17	79107013	79107589	.	111	.	4.428	17.31	3.46637e-16	333
1191	chr17	79544031	79544760	.	111	.	4.548	13.281	0.00000000000305921	421
1194	chr17	79884165	79884846	.	109	.	3.944	14.206	0.000000000000382125	437
1195	chr17	80009586	80010008	.	127	.	8.289	34.059	9.02566e-33	193
1195	chr17	80023538	80024023	.	127	.	8.414	45.64	2.94273e-44	256
1198	chr17	80376263	80376867	.	140	.	11.605	106.244	0	212
1199	chr17	80606231	80606595	.	107	.	3.627	12.869	0.000000000007703	186
1200	chr17	80709682	80710148	.	127	.	8.435	50.36	0	214
607	chr18	2981072	2981517	.	287	.	47.188	65.487	0	223
659	chr18	9827398	9828360	.	108	.	3.866	15.055	0.0000000000000564225	251
752	chr18	22006194	22007121	.	133	.	9.926	108.129	0	388
833	chr18	32508291	32508764	.	119	.	6.497	11.393	0.00000000021365	298
833	chr18	32509255	32509651	.	186	.	22.782	30.462	3.33256e-29	198
918	chr18	43677596	43678747	.	125	.	7.778	73.174	0	701
950	chr18	47901024	47901473	.	112	.	4.854	15.661	0.0000000000000144779	226
999	chr18	54318241	54319275	.	136	.	10.607	84.574	0	649
1048	chr18	60758706	60759545	.	113	.	4.924	11.184	0.00000000033995	288
1052	chr18	61326266	61326644	.	174	.	19.742	11.007	0.000000000502255	207
1104	chr18	68089893	68090307	.	182	.	21.64	15.468	0.0000000000000224274	171
1141	chr18	72922546	72922971	.	171	.	19.022	78.328	0	212
589	chr19	632997	633677	.	110	.	4.38	23.65	1.87199e-22	195
590	chr19	761603	761999	.	182	.	21.703	35.75	1.88687e-34	211
592	chr19	965081	965572	.	187	.	22.94	69.688	0	246
592	chr19	980459	980891	.	115	.	5.436	15.367	0.0000000000000280839	236
593	chr19	1122990	1123404	.	109	.	3.981	17.582	1.86453e-16	215
593	chr19	1173579	1174266	.	117	.	5.954	24.803	1.3609e-23	220
594	chr19	1269869	1270465	.	119	.	6.416	26.841	1.31129e-25	214
599	chr19	1905161	1906025	.	118	.	6.096	54.531	0	591
599	chr19	1935425	1935958	.	240	.	35.666	83.352	0	261
602	chr19	2236282	2237168	.	126	.	8.1	89.451	0	537
602	chr19	2273558	2274054	.	134	.	9.999	56.234	0	270
602	chr19	2328368	2328822	.	123	.	7.508	48.254	0	244
607	chr19	2950047	2950904	.	152	.	14.451	136.918	0	607
609	chr19	3185334	3185981	.	121	.	6.991	40.303	5.69503e-39	217
612	chr19	3609716	3610165	.	128	.	8.515	25.421	3.34279e-24	237
621	chr19	4723230	4724168	.	145	.	12.725	127.279	0	600
621	chr19	4769540	4769931	.	130	.	9.119	19.884	9.95227e-19	196
621	chr19	4791264	4791877	.	124	.	7.605	47.771	0	334
625	chr19	5358198	5358603	.	293	.	48.48	45.384	5.1848e-44	192
629	chr19	5790468	5791408	.	143	.	12.224	85.831	0	724
631	chr19	6141270	6141614	.	208	.	27.904	24.343	3.87125e-23	171
633	chr19	6392769	6393599	.	144	.	12.511	102.562	0	467
636	chr19	6737163	6738769	.	108	.	3.713	30.473	3.25837e-29	1030
642	chr19	7515037	7516088	.	106	.	3.282	16.037	0.00000000000000618083	655
647	chr19	8139440	8139869	.	229	.	33.018	41.826	1.76086e-40	189
660	chr19	9937856	9938880	.	148	.	13.586	149.966	0	664
664	chr19	10362741	10363560	.	109	.	4.115	24.312	4.15252e-23	447
668	chr19	10919519	10920261	.	186	.	22.67	133.167	0	216
672	chr19	11512846	11513314	.	133	.	9.865	22.179	5.34217e-21	218
673	chr19	11639489	11640197	.	147	.	13.129	109.263	0	477
680	chr19	12551612	12552156	.	114	.	5.167	14.845	0.0000000000000909972	183
682	chr19	12780021	12780956	.	135	.	10.206	85.162	0	282
684	chr19	13056415	13057187	.	115	.	5.535	67.474	0	247
685	chr19	13228722	13229275	.	144	.	12.449	107.336	0	244
693	chr19	14191711	14192544	.	148	.	13.377	119.65	0	466
693	chr19	14228589	14229631	.	104	.	2.915	16.282	0.00000000000000356137	545
697	chr19	14682433	14683152	.	139	.	11.21	168.822	0	444
703	chr19	15537309	15537687	.	145	.	12.792	24.138	6.16064e-23	187
703	chr19	15543372	15543929	.	174	.	19.76	153.74	0	281
710	chr19	16427439	16427841	.	429	.	81.579	83.555	0	204
713	chr19	16847520	16847898	.	364	.	65.768	37.359	4.75258e-36	203
714	chr19	17015456	17015831	.	184	.	22.236	33.384	4.20714e-32	183
717	chr19	17419972	17421454	.	156	.	15.462	245.969	0	718
719	chr19	17647777	17648166	.	163	.	17.194	26.894	1.16373e-25	181
719	chr19	17659891	17660239	.	136	.	10.491	26.064	7.74436e-25	189
724	chr19	18334619	18335466	.	112	.	4.834	43.418	4.66632e-42	339
732	chr19	19327914	19328320	.	239	.	35.425	33.216	6.15768e-32	218
733	chr19	19477473	19477982	.	150	.	13.869	90.482	0	266
736	chr19	19887066	19887722	.	116	.	5.73	35.247	5.9621e-34	276
800	chr19	28284509	28285577	.	109	.	3.908	25.868	1.20982e-24	385
837	chr19	33071723	33072264	.	113	.	5.077	39.336	5.19179e-38	303
849	chr19	34664133	34664576	.	119	.	6.342	12.744	0.0000000000102381	230
853	chr19	35167721	35168791	.	166	.	17.863	235.545	0	474
858	chr19	35788068	35789935	.	106	.	3.331	14.43	0.000000000000231454	475
861	chr19	36239090	36239768	.	119	.	6.515	43.226	7.18306e-42	225
863	chr19	36485866	36486480	.	114	.	5.141	26.159	6.24729e-25	191
867	chr19	37063813	37064906	.	139	.	11.202	120.848	0	414
868	chr19	37177889	37178641	.	119	.	6.404	54.221	0	496
886	chr19	39536723	39537259	.	153	.	14.563	19.865	1.03858e-18	192
887	chr19	39616331	39617013	.	109	.	3.938	20.36	3.37849e-19	346
896	chr19	40854104	40854573	.	105	.	3.007	12.948	0.00000000000645937	261
911	chr19	42746752	42747621	.	116	.	5.637	26.188	5.85143e-25	288
911	chr19	42748271	42749225	.	126	.	8.174	45.389	5.1848e-44	486
921	chr19	44100447	44101601	.	109	.	3.922	13.984	0.000000000000629217	547
925	chr19	44617211	44617729	.	130	.	9.16	28.199	5.85117e-27	268
925	chr19	44645385	44645851	.	130	.	8.998	15.034	0.0000000000000591626	244
926	chr19	44716429	44716883	.	135	.	10.363	23.724	1.58451e-22	214
931	chr19	45393594	45394824	.	126	.	8.071	64.906	0	481
947	chr19	47509092	47509499	.	287	.	47.114	43.057	1.05812e-41	198
952	chr19	48151119	48151941	.	116	.	5.697	27.054	8.07248e-26	383
955	chr19	48606581	48607012	.	252	.	38.58	56.493	0	234
958	chr19	49004559	49005050	.	107	.	3.48	11.865	0.0000000000739968	242
961	chr19	49403098	49403726	.	148	.	13.551	78.234	0	205
961	chr19	49410911	49411293	.	120	.	6.601	14.096	0.000000000000488341	193
967	chr19	50144944	50145470	.	117	.	6.048	45.186	8.26766e-44	289
967	chr19	50163015	50163394	.	134	.	10.178	25.021	8.30081e-24	181
973	chr19	50887121	50888095	.	106	.	3.202	24.429	3.18369e-23	461
976	chr19	51294079	51294901	.	118	.	6.228	21.071	6.724e-20	374
977	chr19	51402816	51403235	.	190	.	23.676	20.102	6.05138e-19	240
981	chr19	51963646	51964202	.	235	.	34.427	87.1	0	230
986	chr19	52598643	52599201	.	125	.	7.829	25.396	3.53633e-24	345
986	chr19	52642558	52643338	.	113	.	4.933	12.03	0.0000000000510509	612
986	chr19	52674516	52674980	.	121	.	6.972	15.298	0.0000000000000327638	229
989	chr19	53030768	53031163	.	156	.	15.502	14.225	0.000000000000366423	199
992	chr19	53400449	53401109	.	122	.	7.125	29.592	2.44637e-28	461
1000	chr19	54448712	54449091	.	1000	.	219.852	45.063	1.079e-43	185
1009	chr19	55687261	55687840	.	122	.	7.223	27.001	9.10813e-26	372
1010	chr19	55791178	55791733	.	127	.	8.456	63.869	0	344
1013	chr19	56106422	56106799	.	135	.	10.217	11.345	0.000000000237159	137
1013	chr19	56110839	56111735	.	105	.	3.073	13.018	0.00000000000551162	190
1018	chr19	56825890	56826775	.	125	.	7.864	76.262	0	326
1029	chr19	58280795	58281182	.	115	.	5.42	14.042	0.000000000000552507	198
1034	chr19	58898158	58899282	.	140	.	11.602	139.385	0	424
1035	chr19	58986896	58987930	.	111	.	4.387	45.122	9.52883e-44	493
603	chr20	2489332	2490143	.	129	.	8.874	39.795	1.81925e-38	482
615	chr20	4042629	4042958	.	213	.	29.311	16.315	0.00000000000000330735	172
623	chr20	5041772	5042138	.	180	.	21.28	15.913	0.0000000000000081832	157
712	chr20	16710363	16710847	.	235	.	34.591	177.137	0	243
723	chr20	18118099	18118726	.	143	.	12.215	101.48	0	337
726	chr20	18547588	18548322	.	111	.	4.605	13.92	0.000000000000725916	415
728	chr20	18774358	18774867	.	142	.	11.973	33.473	3.43267e-32	296
737	chr20	19997671	19998321	.	154	.	15.015	91.198	0	269
737	chr20	20032728	20033601	.	122	.	7.283	49.851	0	389
815	chr20	30160163	30160894	.	112	.	4.7	36.99	1.09937e-35	509
821	chr20	30945726	30946455	.	125	.	7.977	98.992	0	288
828	chr20	31889398	31889759	.	126	.	8.066	14.895	0.0000000000000811767	190
829	chr20	31989047	31989539	.	107	.	3.641	12.218	0.0000000000333793	322
831	chr20	32264814	32265484	.	114	.	5.227	21.952	8.96769e-21	210
831	chr20	32265888	32266284	.	119	.	6.333	11.799	0.0000000000858028	162
831	chr20	32267425	32268281	.	111	.	4.386	19.003	7.38661e-18	208
832	chr20	32398642	32399213	.	156	.	15.373	174.49	0	277
837	chr20	33103092	33104272	.	121	.	6.999	82.953	0	319
837	chr20	33113825	33114228	.	112	.	4.724	22.417	3.1139e-21	215
840	chr20	33463582	33464029	.	110	.	4.163	15.42	0.0000000000000249764	202
844	chr20	33999342	34000065	.	152	.	14.392	162.692	0	455
845	chr20	34129674	34130412	.	108	.	3.701	27.728	1.72381e-26	240
846	chr20	34286596	34287851	.	120	.	6.804	113.255	0	701
850	chr20	34823992	34824568	.	114	.	5.215	37.277	5.72213e-36	349
852	chr20	35027942	35028440	.	156	.	15.393	62.19	0	261
855	chr20	35513777	35514123	.	157	.	15.64	18.267	3.93673e-17	162
859	chr20	35917823	35918483	.	147	.	13.145	133.693	0	233
864	chr20	36661486	36662608	.	134	.	10.123	149.466	0	615
871	chr20	37590727	37591503	.	109	.	4.055	40.966	1.25833e-39	287
906	chr20	42087669	42088075	.	136	.	10.474	34.59	2.68177e-33	209
911	chr20	42839157	42839753	.	113	.	4.959	50.869	0	276
916	chr20	43394494	43395064	.	143	.	12.248	56.353	0	337
918	chr20	43767219	43767849	.	111	.	4.535	15.406	0.0000000000000257454	434
919	chr20	43858075	43858559	.	141	.	11.775	62.99	0	249
920	chr20	43991547	43992295	.	103	.	2.598	16.956	7.77593e-16	243
924	chr20	44485859	44486608	.	116	.	5.708	38.937	1.29054e-37	532
924	chr20	44509690	44510322	.	125	.	7.912	62.764	0	342
925	chr20	44645939	44646263	.	159	.	16.037	11.259	0.000000000288213	167
947	chr20	47448214	47448647	.	129	.	8.9	18.269	3.9228e-17	239
955	chr20	48531740	48532649	.	122	.	7.209	150.354	0	502
958	chr20	48949000	48949576	.	119	.	6.505	27.08	7.61352e-26	229
987	chr20	52740171	52740593	.	113	.	4.89	14.599	0.00000000000015799	198
1004	chr20	54967295	54967913	.	141	.	11.712	148.13	0	351
1014	chr20	56262366	56262895	.	118	.	6.091	12.27	0.0000000000297081	155
1048	chr20	60757647	60758398	.	110	.	4.143	34.409	4.04991e-33	420
1050	chr20	60961389	60963075	.	114	.	5.118	94.666	0	714
1060	chr20	62259554	62260016	.	113	.	4.934	25.463	3.04247e-24	256
1060	chr20	62289464	62290149	.	102	.	2.288	12.288	0.000000000028548	478
1060	chr20	62338892	62339523	.	122	.	7.176	76.814	0	372
1062	chr20	62612117	62612915	.	122	.	7.25	115.981	0	361
791	chr21	27107034	27108259	.	143	.	12.286	174.413	0	349
816	chr21	30374802	30375465	.	142	.	12.036	125.082	0	307
816	chr21	30396728	30397461	.	156	.	15.411	98.219	0	258
817	chr21	30445811	30446394	.	171	.	18.999	146.37	0	295
843	chr21	33829695	33830191	.	129	.	8.755	26.081	7.45682e-25	275
870	chr21	37432201	37433139	.	111	.	4.619	38.446	3.96511e-37	435
925	chr21	44596632	44598195	.	103	.	2.477	13.514	0.00000000000180901	817
937	chr21	46221123	46222276	.	141	.	11.68	121.622	0	622
941	chr21	46738702	46739236	.	114	.	5.283	26.456	3.17359e-25	276
11	chr22	22020064	22020739	.	145	.	12.647	74.42	0	254
733	chr22	19466621	19467448	.	146	.	13.051	49.726	0	481
738	chr22	20104719	20105235	.	129	.	8.794	41.401	4.66113e-40	256
744	chr22	20861624	20862110	.	126	.	8.202	40.93	1.36246e-39	198
770	chr22	24372715	24373531	.	113	.	4.928	15.461	0.00000000000002277	174
778	chr22	25348044	25348685	.	108	.	3.89	12.729	0.0000000000105892	443
778	chr22	25362213	25362598	.	143	.	12.32	13.176	0.00000000000387612	198
784	chr22	26143102	26143654	.	210	.	28.533	101.863	0	220
824	chr22	31365196	31366028	.	130	.	9.001	50.625	0	224
827	chr22	31742179	31742542	.	139	.	11.232	15.326	0.0000000000000307765	164
835	chr22	32870461	32870944	.	142	.	12.076	44.919	1.5134e-43	199
857	chr22	35653193	35653649	.	259	.	40.265	123.951	0	225
871	chr22	37521136	37521573	.	179	.	20.891	29.337	4.36424e-28	260
877	chr22	38349376	38349912	.	146	.	12.908	68.342	0	302
889	chr22	39898127	39898591	.	151	.	14.29	66.076	0	215
893	chr22	40394850	40395725	.	126	.	8.177	26.278	4.76876e-25	561
899	chr22	41214813	41215594	.	121	.	6.871	22.981	8.60997e-22	537
904	chr22	41864474	41865328	.	132	.	9.506	59.864	0	216
916	chr22	43485189	43485706	.	143	.	12.253	60.336	0	283
917	chr22	43583550	43584044	.	133	.	9.808	38.474	3.72354e-37	238
918	chr22	43659111	43659595	.	137	.	10.803	11.086	0.000000000421226	238
923	chr22	44350795	44351744	.	140	.	11.549	90.33	0	446
944	chr22	47158330	47159175	.	158	.	15.902	93.188	0	467
972	chr22	50776472	50779116	.	105	.	3.169	16.079	0.00000000000000563317	214